0 75355.8
0.00257983 76950.8
0.00397381 78011.4
0.00520537 78919.1
0.00785634 81316.3
0.0105089 84197.6
0.0131182 87516.4
0.015631 91054.9
0.0179891 94410.6
0.0201438 97166.3
0.0220518 99363
0.0220951 99416.2
0.0239024 102041
0.0256208 103583
0.0272989 98115.5
0.0289661 82453
0.0306448 68405.3
0.0322379 65292.5
0.0323549 65297.9
0.0341131 66981.7
0.0359382 68305.5
0.0378474 69379.5
0.0398519 70355.7
0.0419628 71252
0.0433877 71798.5
0.0441793 72099
0.0464932 73012
0.0489061 74078.9
0.0514075 75364.5
0.0539874 76957.8
0.0553813 78018.1
0.0566129 78925.6
0.0592639 81323.4
0.0619164 84205.8
0.0645257 87525.3
0.0670385 91062.5
0.0693966 94412.8
0.0715513 97169.5
0.0734594 99408.4
0.0735027 99462.9
0.07531 102152
0.0770283 103518
0.0787064 97391.3
0.0803736 81313.3
0.0820524 67902.9
0.0836455 65328.9
0.0837625 65360.2
0.0855207 67057.2
0.0873457 68343.3
0.0892549 69390.8
0.0912594 70347.8
0.0933703 71228.8
0.0947953 71769.3
0.0955868 72066.7
0.0979007 72976.4
0.100314 74043
0.102815 75330.7
0.105395 76927.8
0.106789 77990.9
0.10802 78900.7
0.110671 81304.7
0.113324 84193.9
0.115933 87520.8
0.118446 91065.8
0.120804 94424.6
0.122959 97188.4
0.124867 99428.4
0.12491 99482.9
0.126718 102174
0.128436 103578
0.130114 97546.9
0.131781 81497.3
0.13346 67945.3
0.135053 65270
0.13517 65297.4
0.136928 66992
0.138753 68283.1
0.140662 69335.6
0.142667 70297.8
0.144778 71183.7
0.146203 71726.9
0.146994 72025.7
0.149308 72938.9
0.151721 74009.1
0.154223 75300.4
0.156802 76901.3
0.158196 77966.5
0.159428 78878
0.162079 81285.6
0.164731 84178.6
0.167341 87509.8
0.169854 91061.3
0.172212 94430.5
0.174366 97198.7
0.176274 99403.9
0.176318 99457.3
0.178125 102093
0.179843 103670
0.181521 98264.6
0.183189 82603.2
0.184867 68418.8
0.186461 65205.9
0.186578 65207.8
0.188336 66886.6
0.190161 68213.1
0.19207 69291.9
0.194074 70274.2
0.196185 71176.9
0.19761 71727.2
0.198402 72029.8
0.200716 72948.3
0.203129 74020.9
0.20563 75312.8
0.20821 76912.8
0.209604 77976.6
0.210836 78887.1
0.213486 81291.1
0.216139 84179.8
0.218748 87506.6
0.221261 91054.6
0.223619 94422.7
0.225774 97187
0.227682 99364.8
0.227725 99417.4
0.229533 102006
0.231251 103668
0.232929 98650.8
0.234596 83293.4
0.236275 68777.8
0.237868 65232.4
0.237985 65216.7
0.239743 66878.5
0.241568 68227.5
0.243478 69322.3
0.245482 70315.3
0.247593 71226
0.249018 71779.1
0.249809 72083.2
0.252123 73002
0.254536 74072.6
0.257038 75360.6
0.259617 76955.1
0.261011 78015.4
0.262243 78922.9
0.264894 81319.7
0.267547 84200.4
0.270156 87518.4
0.272669 91055.8
0.275027 94409.9
0.277181 97164.6
0.279089 99364.2
0.279133 99417.5
0.28094 102047
0.282658 103571
0.284337 98040.1
0.286004 82340.5
0.287683 68361.8
0.289276 65307.1
0.289393 65315.2
0.291151 67001.1
0.292976 68321.5
0.294885 69392.7
0.29689 70366.7
0.299 71260.9
0.300425 71806.5
0.301217 72106.5
0.303531 73018.5
0.305944 74084.5
0.308445 75369.5
0.311025 76962.2
0.312419 78022.2
0.313651 78929.5
0.316302 81327
0.318954 84209.2
0.321563 87528.5
0.324076 91064.7
0.326434 94412.7
0.328589 97169.6
0.330497 99424.5
0.33054 99479.5
0.332348 102192
0.334066 103486
0.335744 97113.5
0.337411 80894.3
0.33909 67723.3
0.340683 65338
0.3408 65378
0.342558 67076.1
0.344383 68347.5
0.346293 69384.8
0.348297 70334.4
0.350408 71209.4
0.351833 71747.7
0.352625 72043.8
0.354938 72952.4
0.357351 74019.3
0.359853 75308.3
0.362433 76907.7
0.363827 77972.5
0.365058 78883.7
0.367709 81291.5
0.370362 84185.2
0.372971 87516.8
0.375484 91067
0.377842 94431.6
0.379996 97200.4
0.381905 99440.8
0.381948 99495.3
0.383755 102187
0.385474 103618
0.387152 97657.8
0.388819 81632.3
0.390498 67979.2
0.392091 65229.6
0.392208 65254.1
0.393966 66946.7
0.395791 68241.8
0.3977 69298.3
0.399705 70264.5
0.401816 71154.3
0.40324 71699.6
0.404032 71999.5
0.406346 72915.4
0.408759 73988.1
0.41126 75282
0.41384 76885.4
0.415234 77951.7
0.416466 78864.3
0.419117 81273.5
0.421769 84168.1
0.424378 87501
0.426891 91056
0.429249 94432.4
0.431404 97203.3
0.433312 99375.1
0.433355 99427.4
0.435163 102001
0.436881 103719
0.438559 98913.1
0.440226 83705.4
0.441905 68963.1
0.443498 65195.3
0.443615 65168.6
0.445373 66815.8
0.447198 68176.1
0.449108 69281.3
0.451112 70283.3
0.453223 71202
0.454648 71758.8
0.45544 72064.9
0.457753 72987.5
0.460166 74060.9
0.462668 75351
0.465248 76947.2
0.466642 78008
0.467873 78916
0.470524 81313.2
0.473177 84194
0.475786 87512.2
0.478299 91051.2
0.480657 94409.8
0.482812 97165.2
0.48472 99337.8
0.484763 99390.2
0.48657 101973
0.488289 103608
0.489967 98531.4
0.491634 83156.9
0.493313 68749.2
0.494906 65291.2
0.495023 65279
0.496781 66946
0.498606 68292.1
0.500515 69382.6
0.50252 70370.6
0.504631 71276.1
0.506056 71826.1
0.506847 72128.6
0.509161 73043.2
0.511574 74109.6
0.514075 75393.3
0.516655 76983.4
0.518049 78041.5
0.519281 78947.1
0.521932 81340.5
0.524584 84218
0.527194 87532.3
0.529706 91062.9
0.532064 94404.7
0.534219 97157
0.536127 99415.8
0.53617 99470.9
0.537978 102188
0.539696 103436
0.541374 96931.1
0.543041 80658
0.54472 67647.3
0.546313 65377.1
0.54643 65421.6
0.548188 67120.6
0.550014 68384.2
0.551923 69415.1
0.553927 70359.2
0.556038 71229.3
0.557463 71765.1
0.558255 72059.9
0.560569 72966
0.562981 74030.7
0.565483 75318
0.568063 76916
0.569457 77980.2
0.570688 78890.9
0.573339 81298
0.575992 84191.1
0.578601 87522.1
0.581114 91070.3
0.583472 94430.6
0.585627 97199.3
0.587535 99464.3
0.587578 99519.5
0.589385 102246
0.591104 103565
0.592782 97220.8
0.594449 80977.5
0.596128 67707.4
0.597721 65260.1
0.597838 65298.4
0.599596 66994.2
0.601421 68267.4
0.60333 69308.7
0.605335 70263.9
0.607446 71144.8
0.608871 71686.5
0.609662 71984.6
0.611976 72898.4
0.614389 73970.8
0.61689 75265.5
0.61947 76870.7
0.620864 77938.4
0.622096 78852.1
0.624747 81264.4
0.627399 84162.5
0.630009 87499
0.632521 91057.7
0.63488 94438.3
0.637034 97212.9
0.638942 99385.8
0.638986 99438.1
0.640793 102012
0.642511 103744
0.644189 98981.1
0.645856 83797.9
0.647535 68996.6
0.649128 65173.9
0.649245 65144.7
0.651004 66787.9
0.652829 68150.3
0.654738 69258
0.656742 70262.6
0.658853 71183.8
0.660278 71742
0.66107 72048.9
0.663384 72973.1
0.665796 74048.1
0.668298 75339.8
0.670878 76937.5
0.672272 77999.1
0.673503 78907.8
0.676154 81306.1
0.678807 84188.2
0.681416 87507.7
0.683929 91048.8
0.686287 94411.4
0.688442 97168.8
0.69035 99326.8
0.690393 99378.7
0.6922 101933
0.693919 103634
0.695597 98836.4
0.697264 83676.6
0.698943 69004.1
0.700536 65278.4
0.700653 65252.3
0.702411 66902.2
0.704236 68263.8
0.706145 69366.8
0.70815 70364.1
0.710261 71277.3
0.711686 71830.6
0.712477 72134.8
0.714791 73051.7
0.717204 74119
0.719705 75402.6
0.722285 76991.8
0.723679 78049.1
0.724911 78954.1
0.727562 81345.4
0.730214 84220.6
0.732824 87532.4
0.735336 91060.8
0.737695 94400.7
0.739849 97150.4
0.741757 99402
0.741801 99456.8
0.743608 102164
0.745326 103431
0.747004 96996.9
0.748672 80769.6
0.75035 67702.7
0.751943 65387.8
0.75206 65430.1
0.753819 67129.8
0.755644 68397.6
0.757553 69430.9
0.759557 70376.1
0.761668 71246.8
0.763093 71782.7
0.763885 72077.5
0.766199 72982.9
0.768612 74046.6
0.771113 75332.4
0.773693 76928.6
0.775087 77991.7
0.776318 78901.5
0.778969 81306.7
0.781622 84197.7
0.784231 87526.2
0.786744 91071.2
0.789102 94426.9
0.791257 97193.8
0.793165 99471.7
0.793208 99527.3
0.795015 102270
0.796734 103518
0.798412 96946.5
0.800079 80594.1
0.801758 67565.3
0.803351 65295
0.803468 65340.9
0.805226 67036.8
0.807051 68297.1
0.80896 69329.2
0.810965 70277.2
0.813076 71152.1
0.814501 71691.3
0.815292 71988
0.817606 72899.8
0.820019 73970.9
0.822521 75265
0.8251 76870.2
0.826494 77938.1
0.827726 78851.9
0.830377 81265
0.833029 84164
0.835639 87501.5
0.838152 91060.6
0.84051 94440.3
0.842664 97215.3
0.844572 99400.6
0.844616 99453.3
0.846423 102051
0.848141 103740
0.849819 98775.5
0.851487 83427.3
0.853165 68801.5
0.854758 65166.7
0.854875 65147.6
0.856634 66803.6
0.858459 68154.8
0.860368 69253.8
0.862372 70252.2
0.864483 71168.5
0.865908 71724.8
0.8667 72030.7
0.869014 72954
0.871427 74029.3
0.873928 75322.2
0.876508 76921.8
0.877902 77984.8
0.879133 78894.5
0.881784 81295.8
0.884437 84181.1
0.887046 87504.2
0.889559 91049.3
0.891917 94416.7
0.894072 97178.1
0.89598 99333.4
0.896023 99385.2
0.897831 101932
0.899549 103663
0.901227 98976
0.902894 83894.2
0.904573 69099
0.906166 65252.3
0.906283 65220.2
0.908041 66861.5
0.909866 68228.8
0.911775 69337.2
0.91378 70339.3
0.915891 71256.9
0.917316 71812.3
0.918107 72117.7
0.920421 73036.8
0.922834 74106
0.925336 75391.3
0.927915 76982
0.929309 78040
0.930541 78945.6
0.933192 81337.9
0.935844 84214
0.938454 87526.9
0.940967 91057.6
0.943325 94402.1
0.945479 97152.1
0.947387 99379.6
0.947431 99433.8
0.949238 102107
0.950956 103487
0.952634 97435.9
0.954302 81419.3
0.95598 67968.6
0.957574 65356.9
0.957691 65385.9
0.959449 67083.6
0.961274 68373.9
0.963183 69422.7
0.965187 70379.5
0.967298 71259.4
0.968723 71798.9
0.969515 72095.8
0.971829 73003.4
0.974242 74067.5
0.976743 75352.4
0.979323 76946.5
0.980717 78008
0.981949 78916.4
0.984599 81317.8
0.987252 84204.4
0.989861 87528.3
0.992374 91068.6
0.994732 94419.8
0.996887 97181.9
0.998795 99453
0.998838 99508.4
1.00065 102242
1.00236 103491
1.00404 96949
1.00571 80629.5
1.00739 67602.4
1.00898 65327.1
1.0091 65372.3
1.01086 67069.2
1.01268 68331.3
1.01459 69363.5
1.01659 70310.5
1.01871 71184.1
1.02013 71722.2
1.02092 72018.3
1.02324 72928.1
1.02565 73996.9
1.02815 75288.4
1.03073 76890.6
1.03212 77956.9
1.03336 78869.3
1.03601 81279.6
1.03866 84175.6
1.04127 87509.9
1.04378 91064.2
1.04614 94435.8
1.04829 97206.8
1.0502 99418.6
1.05025 99472.2
1.05205 102118
1.05377 103683
1.05545 98217.9
1.05712 82509.4
1.0588 68368.1
1.06039 65196.9
1.06051 65201.1
1.06226 66881.1
1.06409 68204.4
1.066 69281.5
1.068 70263.1
1.07011 71165.6
1.07154 71716
1.07233 72018.7
1.07464 72937.8
1.07706 74011.4
1.07956 75304.3
1.08214 76905.5
1.08353 77970
1.08476 78881.1
1.08741 81286.2
1.09007 84176.2
1.09268 87504.2
1.09519 91054
1.09755 94424.8
1.0997 97190.7
1.10161 99362
1.10165 99414.4
1.10346 101990
1.10518 103686
1.10686 98802.7
1.10852 83543.3
1.1102 68893.2
1.1118 65216.4
1.11191 65194
1.11367 66847.7
1.1155 68203.7
1.11741 69304.2
1.11941 70301.6
1.12152 71216
1.12295 71770.6
1.12374 72075.6
1.12605 72995.7
1.12846 74067.2

