0 75343.8
0.00257983 76938.9
0.00397381 78001.4
0.00520537 78910.6
0.00785634 81314.4
0.0105089 84203.8
0.0131182 87530.5
0.015631 91072.8
0.0179891 94424.8
0.0201438 97190.3
0.0220518 99479.5
0.0220951 99535.4
0.0239024 102292
0.0256208 103476
0.0272989 96709.7
0.0289661 80266.1
0.0306448 67442.9
0.0322379 65320.1
0.0323549 65372.1
0.0341131 67066.6
0.0359382 68315.2
0.0378474 69338.9
0.0398519 70280.3
0.0419628 71149.7
0.0433877 71686.4
0.0441793 71981.8
0.0464932 72891.8
0.0489061 73962
0.0514075 75256.1
0.0539874 76861.9
0.0553813 77930.6
0.0566129 78845.1
0.0592639 81260.4
0.0619164 84162.3
0.0645257 87503
0.0670385 91064.6
0.0693966 94445
0.0715513 97223
0.0734594 99428.9
0.0735027 99482.3
0.07531 102117
0.0770283 103743
0.0787064 98484.6
0.0803736 82895.8
0.0820524 68514.1
0.0836455 65135.5
0.0837625 65130.3
0.0855207 66801
0.0873457 68135.2
0.0892549 69222
0.0912594 70212.2
0.0933703 71122.6
0.0947953 71676.9
0.0955868 71981.7
0.0979007 72905.2
0.100314 73982.5
0.102815 75279
0.105395 76883.5
0.106789 77949.6
0.10802 78861.9
0.110671 81269.4
0.113324 84161.5
0.115933 87491.8
0.118446 91046
0.120804 94426.6
0.122959 97197.9
0.124867 99329.2
0.12491 99380.1
0.126718 101870
0.128436 103726
0.130114 99618.5
0.131781 85034.6
0.13346 69699.8
0.135053 65230.7
0.13517 65164.8
0.136928 66749.8
0.138753 68147.9
0.140662 69284.7
0.142667 70309.4
0.144778 71246.3
0.146203 71810.4
0.146994 72120.5
0.149308 73046.7
0.151721 74119.8
0.154223 75406.6
0.156802 76996.8
0.158196 78053.4
0.159428 78957.8
0.162079 81345.8
0.164731 84216.2
0.167341 87523.1
0.169854 91049.3
0.172212 94392.7
0.174366 97136.1
0.176274 99318.8
0.176318 99371.6
0.178125 101975
0.179843 103507
0.181521 98070.2
0.183189 82473.7
0.184867 68474.3
0.186461 65378.7
0.186578 65383.5
0.188336 67068.6
0.190161 68395
0.19207 69468.1
0.194074 70441
0.196185 71333
0.19761 71876.5
0.198402 72175.4
0.200716 73083.1
0.203129 74143.8
0.20563 75422.7
0.20821 77008.6
0.209604 78064.9
0.210836 78969
0.213486 81360.2
0.216139 84235.8
0.218748 87547.4
0.221261 91071.5
0.223619 94400.6
0.225774 97156
0.227682 99492.7
0.227725 99550
0.229533 102355
0.231251 103224
0.232929 95591.4
0.234596 78847.5
0.236275 66991.3
0.237868 65491
0.237985 65566.8
0.239743 67245
0.241568 68443
0.243478 69431.3
0.245482 70343.9
0.247593 71189.1
0.249018 71715.3
0.249809 72004.9
0.252123 72905.7
0.254536 73970.2
0.257038 75260.7
0.259617 76865
0.261011 77934
0.262243 78848.6
0.264894 81266.2
0.267547 84171.3
0.270156 87514.9
0.272669 91076.3
0.275027 94450.3
0.277181 97231.6
0.279089 99504.1
0.279133 99559.5
0.28094 102297
0.282658 103658
0.284337 97394.5
0.286004 81152.5
0.287683 67723.5
0.289276 65168.9
0.289393 65203.6
0.291151 66896.6
0.292976 68174.4
0.294885 69221.9
0.29689 70184.3
0.299 71072.6
0.300425 71618.6
0.301217 71918.9
0.303531 72838.7
0.305944 73917
0.308445 75217.9
0.311025 76829.4
0.312419 77900.4
0.313651 78816.8
0.316302 81234.3
0.318954 84137.4
0.321563 87479.4
0.324076 91046.8
0.326434 94444.2
0.328589 97230.1
0.330497 99347
0.33054 99397.3
0.332348 101840
0.334066 103800
0.335744 100201
0.337411 86094.7
0.33909 70288.3
0.340683 65202.5
0.3408 65102.1
0.342558 66614.5
0.344383 68036.4
0.346293 69199.2
0.348297 70245.8
0.350408 71202.2
0.351833 71775.4
0.352625 72090.5
0.354938 73025.2
0.357351 74104.1
0.359853 75394.9
0.362433 76987.6
0.363827 78044.8
0.365058 78949.8
0.367709 81337.4
0.370362 84206.6
0.372971 87512.5
0.375484 91039.8
0.377842 94389.8
0.379996 97133.9
0.381905 99268.4
0.381948 99319.7
0.383755 101835
0.385474 103553
0.387152 98929
0.388819 83958.2
0.390498 69213.1
0.392091 65369.9
0.392208 65335.7
0.393966 66976.1
0.395791 68348.5
0.3977 69457
0.399705 70455.5
0.401816 71367.9
0.40324 71919.5
0.404032 72222.8
0.406346 73135
0.408759 74196
0.41126 75471.9
0.41384 77052.4
0.415234 78104.8
0.416466 79005.7
0.419117 81388.4
0.421769 84254.6
0.424378 87556.1
0.426891 91068.5
0.429249 94384.3
0.431404 97132.4
0.433312 99486.1
0.433355 99543.9
0.435163 102360
0.436881 103081
0.438559 95090.3
0.440226 78272.4
0.441905 66845.3
0.443498 65591.7
0.443615 65675.9
0.445373 67342.9
0.447198 68519.7
0.449108 69492.7
0.451112 70392.4
0.453223 71226.2
0.454648 71747.2
0.45544 72034.1
0.457753 72929.7
0.460166 73990.1
0.462668 75277.5
0.465248 76879.2
0.466642 77947.3
0.467873 78861.1
0.470524 81278
0.473177 84182.6
0.475786 87525.1
0.478299 91082.8
0.480657 94448.8
0.482812 97231.7
0.48472 99556.5
0.484763 99613.4
0.48657 102416
0.488289 103535
0.489967 96501.5
0.491634 79883.7
0.493313 67231.8
0.494906 65239.6
0.495023 65298.6
0.496781 66986.4
0.498606 68220.8
0.500515 69239.6
0.50252 70180.9
0.504631 71052.3
0.506056 71591.8
0.506847 71888.6
0.509161 72804.7
0.511574 73882.7
0.514075 75185.4
0.516655 76800.6
0.518049 77874.3
0.519281 78792.9
0.521932 81216.5
0.524584 84126.4
0.527194 87475.5
0.529706 91050.4
0.532064 94455.7
0.534219 97249.2
0.536127 99369.6
0.53617 99420
0.537978 101865
0.539696 103845
0.541374 100312
0.543041 86256.3
0.54472 70357.9
0.546313 65164.4
0.54643 65058.7
0.548188 66558.2
0.550014 67982
0.551923 69148.9
0.553927 70200
0.556038 71161.2
0.557463 71737
0.558255 72053.4
0.560569 72991.5
0.562981 74073.7
0.565483 75367.8
0.568063 76964.1
0.569457 78023.2
0.570688 78929.7
0.573339 81320.5
0.575992 84193
0.578601 87502.3
0.581114 91034.9
0.583472 94393.9
0.585627 97144.3
0.587535 99252.7
0.587578 99303
0.589385 101758
0.591104 103592
0.592782 99524.5
0.594449 85040
0.596128 69790.5
0.597721 65359.1
0.597838 65292.5
0.599596 66878.5
0.601421 68280.4
0.60333 69415.5
0.605335 70434.2
0.607446 71363.5
0.608871 71922.4
0.609662 72229.7
0.611976 73147.4
0.614389 74211
0.61689 75487.4
0.61947 77066.6
0.620864 78117.6
0.622096 79017.3
0.624747 81396.2
0.627399 84257.8
0.630009 87554.6
0.632521 91063.3
0.63488 94377
0.637034 97117.9
0.638942 99443.6
0.638986 99500.6
0.640793 102288
0.642511 103117
0.644189 95432.7
0.645856 78727.5
0.647535 67016.2
0.649128 65593.3
0.649245 65670.9
0.651004 67349.9
0.652829 68544.5
0.654738 69527.4
0.656742 70433.4
0.658853 71271.6
0.660278 71793.6
0.66107 72081.1
0.663384 72975.7
0.665796 74033.5
0.668298 75317.1
0.670878 76914.1
0.672272 77979.2
0.673503 78890.6
0.676154 81301.6
0.678807 84199.7
0.681416 87535.2
0.683929 91083.7
0.686287 94437.6
0.688442 97216.3
0.69035 99571.4
0.690393 99629.2
0.6922 102462
0.693919 103391
0.695597 95843.3
0.697264 79051.5
0.698943 66970
0.700536 65341.5
0.700653 65414.2
0.702411 67091.3
0.704236 68296.3
0.706145 69295
0.70815 70220
0.710261 71077.8
0.711686 71611.2
0.712477 71904.8
0.714791 72815.9
0.717204 73890.6
0.719705 75191.2
0.722285 76805.4
0.723679 77879
0.724911 78797.6
0.727562 81222.1
0.730214 84133.3
0.732824 87483.9
0.735336 91058.8
0.737695 94459.8
0.739849 97251
0.741757 99402.6
0.741801 99454.1
0.743608 101974
0.745326 103855
0.747004 99732.9
0.748672 85074.2
0.75035 69634.6
0.751943 65102.4
0.75206 65035.7
0.753819 66616.8
0.755644 68011.6
0.757553 69150.3
0.759557 70180.7
0.761668 71124.9
0.763093 71693.7
0.763885 72006.4
0.766199 72940.5
0.768612 74022.5
0.771113 75319.2
0.773693 76920.5
0.775087 77983.2
0.776318 78892.9
0.778969 81291.8
0.781622 84173.8
0.784231 87493.3
0.786744 91037.1
0.789102 94409.1
0.791257 97171.2
0.793165 99278.4
0.793208 99328.6
0.795015 101772
0.796734 103661
0.798412 99816.1
0.800079 85514.1
0.801758 70017.3
0.803351 65300.1
0.803468 65218.6
0.805226 66774.3
0.807051 68186.3
0.80896 69333.3
0.810965 70363.1
0.813076 71302.8
0.814501 71867
0.815292 72177.2
0.817606 73101.1
0.820019 74170
0.822521 75451.5
0.8251 77035.6
0.826494 78088.8
0.827726 78990.5
0.830377 81372.8
0.833029 84237.8
0.835639 87538.7
0.838152 91055.5
0.84051 94383.2
0.842664 97122.4
0.844572 99371.1
0.844616 99425.9
0.846423 102128
0.848141 103344
0.849819 96793
0.851487 80544.7
0.853165 67661.3
0.854758 65468.2
0.854875 65514.9
0.856634 67216.2
0.858459 68477.6
0.860368 69504.2
0.862372 70442.6
0.864483 71306.6
0.865908 71838.8
0.8667 72131.7
0.869014 73032.2
0.871427 74091.1
0.873928 75372
0.876508 76963
0.877902 78023.5
0.879133 78931.1
0.881784 81331.5
0.884437 84217.7
0.887046 87540.5
0.889559 91076.3
0.891917 94418.2
0.894072 97183.4
0.89598 99518
0.896023 99575.2
0.897831 102381
0.899549 103327
0.901227 95877.6
0.902894 79170.5
0.904573 67071.5
0.906166 65422.4
0.906283 65493.3
0.908041 67175.3
0.909866 68385.5
0.911775 69384.2
0.91378 70306.7
0.915891 71160.7
0.917316 71691.3
0.918107 71983.4
0.920421 72889.1
0.922834 73957.5
0.925336 75251.1
0.927915 76857.6
0.929309 77927.1
0.930541 78842.2
0.933192 81259.4
0.935844 84163.3
0.938454 87505.8
0.940967 91068.7
0.943325 94449.2
0.945479 97228.4
0.947387 99444.8
0.947431 99498.5
0.949238 102150
0.950956 103740
0.952634 98333.6
0.954302 82638.9
0.95598 68393.4
0.957574 65141.4
0.957691 65142.6
0.959449 66818.6
0.961274 68144.6
0.963183 69225.5
0.965187 70211.6
0.967298 71118.7
0.968723 71671.8
0.969515 71975.9
0.971829 72898.6
0.974242 73975.9
0.976743 75272.7
0.979323 76878
0.980717 77944.7
0.981949 78857.6
0.984599 81266.6
0.987252 84160.5
0.989861 87492.9
0.992374 91048.9
0.994732 94430.3
0.996887 97203
0.998795 99344.7
0.998838 99395.9
1.00065 101908
1.00236 103739
1.00404 99474.2
1.00571 84726.5
1.00739 69500.7
1.00898 65189.8
1.0091 65133.5
1.01086 66735.9
1.01268 68124.6
1.01459 69253.4
1.01659 70272.5
1.01871 71205.3
1.02013 71767.8
1.02092 72077.1
1.02324 73003.3
1.02565 74077.7
1.02815 75367.2
1.03073 76961.4
1.03212 78020.8
1.03336 78927.6
1.03601 81321.4
1.03866 84198.7
1.04127 87513.2
1.04378 91048.5
1.04614 94403.2
1.04829 97155.1
1.0502 99326.9
1.05025 99379.3
1.05205 101961
1.05377 103584
1.05545 98467.8
1.05712 83074
1.0588 68721.4
1.06039 65311
1.06051 65300.8
1.06226 66970.8
1.06409 68315.1
1.066 69403.6
1.068 70389.6
1.07011 71293.2
1.07154 71842.2
1.07233 72144.2
1.07464 73057.5
1.07706 74122.7
1.07956 75405.1
1.08214 76993.8
1.08353 78051
1.08476 78955.9
1.08741 81347.5
1.09007 84222.9
1.09268 87534.8
1.09519 91062.7
1.09755 94401.3
1.0997 97151.1
1.10161 99410.1
1.10165 99465.2
1.10346 102181
1.10518 103411
1.10686 96866.7
1.10852 80592.6
1.1102 67646.7
1.1118 65414.8
1.11191 65460.7
1.11367 67159.9
1.1155 68422
1.11741 69451.6
1.11941 70394.1
1.12152 71262.5
1.12295 71797.3
1.12374 72091.6
1.12605 72996
1.12846 74058.9

