0 0.000452369
0.00257983 0.000440676
0.00397381 0.000429017
0.00520537 0.000420096
0.00785634 0.000372525
0.0105089 0.000276801
0.0131182 0.000110095
0.015631 -9.69615e-05
0.0179891 -5.82636e-05
0.0201438 0.000681725
0.0220518 0.00131356
0.0220951 0.00132145
0.0239024 0.000473902
0.0256208 7.488e-05
0.0272989 9.73929e-05
0.0289661 9.22933e-05
0.0306448 4.6657e-05
0.0322379 2.92803e-06
0.0323549 3.06266e-07
0.0341131 -3.19317e-05
0.0359382 -6.26345e-05
0.0378474 -9.35486e-05
0.0398519 -0.000124216
0.0419628 -0.000153958
0.0433877 -0.000171697
0.0441793 -0.000181905
0.0464932 -0.000210016
0.0489061 -0.000235953
0.0514075 -0.000256279
0.0539874 -0.000271232
0.0553813 -0.000280046
0.0566129 -0.000287293
0.0592639 -0.000263312
0.0619164 -0.000149049
0.0645257 0.000140037
0.0670385 0.000525516
0.0693966 -5.61504e-05
0.0715513 -0.00367498
0.0734594 -0.00715301
0.0735027 -0.00719641
0.07531 -0.00264504
0.0770283 0.00036375
0.0787064 0.000258686
0.0803736 -0.000138607
0.0820524 -0.000193744
0.0836455 -0.000163839
0.0837625 -0.000161273
0.0855207 -0.00015028
0.0873457 -0.000147923
0.0892549 -0.000139713
0.0912594 -0.000123251
0.0933703 -0.000100574
0.0947953 -8.35586e-05
0.0955868 -7.30387e-05
0.0979007 -3.73898e-05
0.100314 1.18692e-06
0.102815 3.94267e-05
0.105395 7.98152e-05
0.106789 0.000108388
0.10802 0.000131216
0.110671 0.000132768
0.113324 9.22279e-06
0.115933 -0.000378825
0.118446 -0.000911496
0.120804 0.000166016
0.122959 0.00637051
0.124867 0.012413
0.12491 0.0124884
0.126718 0.00460189
0.128436 -0.000772911
0.130114 -0.000593808
0.131781 0.000173691
0.13346 0.000325134
0.135053 0.000311476
0.13517 0.000309174
0.136928 0.000320316
0.138753 0.000346497
0.140662 0.000361655
0.142667 0.000360733
0.144778 0.000346957
0.146203 0.000332045
0.146994 0.000322066
0.149308 0.000281766
0.151721 0.000233675
0.154223 0.00018062
0.156802 0.000118068
0.158196 7.20513e-05
0.159428 3.54919e-05
0.162079 8.53269e-06
0.164731 0.000131351
0.167341 0.000586921
0.169854 0.00122363
0.172212 -0.000262431
0.174366 -0.00854993
0.176274 -0.0166673
0.176318 -0.0167686
0.178125 -0.00618592
0.179843 0.00111946
0.181521 0.000880824
0.183189 -0.000194704
0.184867 -0.000430185
0.186461 -0.000433879
0.186578 -0.000432027
0.188336 -0.000464402
0.190161 -0.000517
0.19207 -0.000554299
0.194074 -0.00056899
0.196185 -0.000565232
0.19761 -0.00055363
0.198402 -0.000545001
0.200716 -0.000503315
0.203129 -0.000449606
0.20563 -0.000386034
0.20821 -0.000306386
0.209604 -0.000246653
0.210836 -0.000199324
0.213486 -0.000149142
0.216139 -0.000261283
0.218748 -0.000747469
0.221261 -0.00143664
0.223619 0.000337585
0.225774 0.0100367
0.227682 0.0195713
0.227725 0.0196903
0.229533 0.00726881
0.231251 -0.00137531
0.232929 -0.00109648
0.234596 0.000199943
0.236275 0.000500384
0.237868 0.000521133
0.237985 0.000519881
0.239743 0.000570866
0.241568 0.000645619
0.243478 0.000702036
0.245482 0.000731152
0.247593 0.000737716
0.249018 0.000730364
0.249809 0.000723783
0.252123 0.000684089
0.254536 0.000629112
0.257038 0.000560173
0.259617 0.000469883
0.261011 0.000401273
0.262243 0.000347009
0.264894 0.000277669
0.267547 0.000370048
0.270156 0.000847462
0.272669 0.00153325
0.275027 -0.000385391
0.277181 -0.0107103
0.279089 -0.0208898
0.279133 -0.0210168
0.28094 -0.00776282
0.282658 0.00151974
0.284337 0.00122331
0.286004 -0.000188984
0.287683 -0.000530045
0.289276 -0.000566167
0.289393 -0.000565617
0.291151 -0.000631081
0.292976 -0.000721933
0.294885 -0.000792899
0.29689 -0.000834079
0.299 -0.000850434
0.300425 -0.000847928
0.301217 -0.000843929
0.303531 -0.000809442
0.305944 -0.000757652
0.308445 -0.000688931
0.311025 -0.000595312
0.312419 -0.000523384
0.313651 -0.00046658
0.316302 -0.0003837
0.318954 -0.000448834
0.321563 -0.000878798
0.324076 -0.00150566
0.326434 0.000401975
0.328589 0.0105163
0.330497 0.0205159
0.33054 0.0206407
0.332348 0.00762793
0.334066 -0.00154106
0.335744 -0.00125103
0.337411 0.000162714
0.33909 0.000516765
0.340683 0.000565333
0.3408 0.000565529
0.342558 0.000640169
0.344383 0.000739761
0.346293 0.000819526
0.348297 0.000869434
0.350408 0.000894255
0.351833 0.000896798
0.352625 0.000895705
0.354938 0.000869218
0.357351 0.000824811
0.359853 0.000761875
0.362433 0.000672513
0.363827 0.000603093
0.365058 0.000548353
0.367709 0.000458647
0.370362 0.000491258
0.372971 0.000838939
0.375484 0.00135608
0.377842 -0.000385992
0.379996 -0.00947029
0.381905 -0.01848
0.381948 -0.0185924
0.383755 -0.00687508
0.385474 0.00143752
0.387152 0.0011774
0.388819 -0.000123263
0.390498 -0.00046162
0.392091 -0.0005187
0.392208 -0.000519626
0.393966 -0.000597395
0.395791 -0.000697657
0.3977 -0.000779759
0.399705 -0.000834353
0.401816 -0.000865629
0.40324 -0.000873015
0.404032 -0.000874916
0.406346 -0.000858576
0.408759 -0.000825148
0.41126 -0.000773097
0.41384 -0.000695231
0.415234 -0.000633943
0.416466 -0.0005857
0.419117 -0.000496436
0.421769 -0.000493883
0.424378 -0.000731114
0.426891 -0.00109664
0.429249 0.00033874
0.431404 0.00765706
0.433312 0.0149469
0.433355 0.0150378
0.435163 0.00556524
0.436881 -0.00121753
0.438559 -0.00100838
0.440226 7.38253e-05
0.441905 0.000369077
0.443498 0.000430045
0.443615 0.000431626
0.445373 0.000506224
0.447198 0.000599034
0.449108 0.000676821
0.451112 0.000731678
0.453223 0.000766874
0.454648 0.000778505
0.45544 0.000783246
0.457753 0.000778377
0.460166 0.000758638
0.462668 0.000721688
0.465248 0.000661625
0.466642 0.000613435
0.467873 0.000575598
0.470524 0.000494008
0.473177 0.000456497
0.475786 0.000564059
0.478299 0.000748357
0.480657 -0.000264044
0.482812 -0.0052235
0.48472 -0.0102029
0.484763 -0.010265
0.48657 -0.00380455
0.488289 0.000898897
0.489967 0.000757673
0.491634 -1.84068e-05
0.493313 -0.000246634
0.494906 -0.00030655
0.495023 -0.000308659
0.496781 -0.000374041
0.498606 -0.00045188
0.500515 -0.000519052
0.50252 -0.000569727
0.504631 -0.000605992
0.506056 -0.000620926
0.506847 -0.000628123
0.509161 -0.000635119
0.511574 -0.000630667
0.514075 -0.000611811
0.516655 -0.000574419
0.518049 -0.000543231
0.519281 -0.000518865
0.521932 -0.000451557
0.524584 -0.000382128
0.527194 -0.000351307
0.529706 -0.000339448
0.532064 0.000167957
0.534219 0.00236676
0.536127 0.0046323
0.53617 0.00466057
0.537978 0.00173563
0.539696 -0.000507444
0.541374 -0.000445582
0.543041 -3.85029e-05
0.54472 0.00010421
0.546313 0.00015822
0.54643 0.000160685
0.548188 0.000211556
0.550014 0.000268118
0.551923 0.000319231
0.553927 0.000361619
0.556038 0.000396016
0.557463 0.000413042
0.558255 0.000422113
0.560569 0.000440407
0.562981 0.000451603
0.565483 0.000452369
0.568063 0.000440676
0.569457 0.000429017
0.570688 0.000420096
0.573339 0.000372525
0.575992 0.000276801
0.578601 0.000110095
0.581114 -9.69615e-05
0.583472 -5.82636e-05
0.585627 0.000681725
0.587535 0.00131356
0.587578 0.00132145
0.589385 0.000473902
0.591104 7.48799e-05
0.592782 9.73929e-05
0.594449 9.22933e-05
0.596128 4.6657e-05
0.597721 2.92804e-06
0.597838 3.06274e-07
0.599596 -3.19317e-05
0.601421 -6.26345e-05
0.60333 -9.35486e-05
0.605335 -0.000124216
0.607446 -0.000153958
0.608871 -0.000171697
0.609662 -0.000181905
0.611976 -0.000210016
0.614389 -0.000235953
0.61689 -0.000256279
0.61947 -0.000271232
0.620864 -0.000280046
0.622096 -0.000287293
0.624747 -0.000263312
0.627399 -0.000149049
0.630009 0.000140037
0.632521 0.000525516
0.63488 -5.61504e-05
0.637034 -0.00367498
0.638942 -0.00715301
0.638986 -0.00719641
0.640793 -0.00264504
0.642511 0.00036375
0.644189 0.000258686
0.645856 -0.000138607
0.647535 -0.000193744
0.649128 -0.000163839
0.649245 -0.000161273
0.651004 -0.00015028
0.652829 -0.000147923
0.654738 -0.000139713
0.656742 -0.000123251
0.658853 -0.000100574
0.660278 -8.35586e-05
0.66107 -7.30387e-05
0.663384 -3.73898e-05
0.665796 1.1869e-06
0.668298 3.94267e-05
0.670878 7.98152e-05
0.672272 0.000108388
0.673503 0.000131216
0.676154 0.000132768
0.678807 9.22283e-06
0.681416 -0.000378824
0.683929 -0.000911496
0.686287 0.000166015
0.688442 0.00637051
0.69035 0.012413
0.690393 0.0124884
0.6922 0.00460189
0.693919 -0.000772911
0.695597 -0.000593808
0.697264 0.000173691
0.698943 0.000325134
0.700536 0.000311476
0.700653 0.000309174
0.702411 0.000320316
0.704236 0.000346497
0.706145 0.000361655
0.70815 0.000360733
0.710261 0.000346957
0.711686 0.000332045
0.712477 0.000322066
0.714791 0.000281766
0.717204 0.000233675
0.719705 0.00018062
0.722285 0.000118068
0.723679 7.20512e-05
0.724911 3.54919e-05
0.727562 8.53268e-06
0.730214 0.000131351
0.732824 0.000586921
0.735336 0.00122363
0.737695 -0.000262431
0.739849 -0.00854993
0.741757 -0.0166673
0.741801 -0.0167686
0.743608 -0.00618592
0.745326 0.00111946
0.747004 0.000880824
0.748672 -0.000194704
0.75035 -0.000430185
0.751943 -0.000433879
0.75206 -0.000432027
0.753819 -0.000464402
0.755644 -0.000517
0.757553 -0.000554299
0.759557 -0.00056899
0.761668 -0.000565232
0.763093 -0.00055363
0.763885 -0.000545001
0.766199 -0.000503315
0.768612 -0.000449606
0.771113 -0.000386034
0.773693 -0.000306386
0.775087 -0.000246653
0.776318 -0.000199324
0.778969 -0.000149142
0.781622 -0.000261283
0.784231 -0.000747469
0.786744 -0.00143664
0.789102 0.000337585
0.791257 0.0100367
0.793165 0.0195713
0.793208 0.0196903
0.795015 0.00726881
0.796734 -0.00137531
0.798412 -0.00109648
0.800079 0.000199943
0.801758 0.000500384
0.803351 0.000521133
0.803468 0.000519881
0.805226 0.000570866
0.807051 0.000645619
0.80896 0.000702037
0.810965 0.000731152
0.813076 0.000737716
0.814501 0.000730364
0.815292 0.000723783
0.817606 0.000684089
0.820019 0.000629112
0.822521 0.000560173
0.8251 0.000469883
0.826494 0.000401273
0.827726 0.000347009
0.830377 0.000277669
0.833029 0.000370048
0.835639 0.000847462
0.838152 0.00153325
0.84051 -0.000385391
0.842664 -0.0107103
0.844572 -0.0208898
0.844616 -0.0210168
0.846423 -0.00776282
0.848141 0.00151974
0.849819 0.00122331
0.851487 -0.000188984
0.853165 -0.000530045
0.854758 -0.000566167
0.854875 -0.000565617
0.856634 -0.000631081
0.858459 -0.000721933
0.860368 -0.000792899
0.862372 -0.000834079
0.864483 -0.000850434
0.865908 -0.000847928
0.8667 -0.000843929
0.869014 -0.000809442
0.871427 -0.000757652
0.873928 -0.000688931
0.876508 -0.000595312
0.877902 -0.000523384
0.879133 -0.00046658
0.881784 -0.0003837
0.884437 -0.000448834
0.887046 -0.000878798
0.889559 -0.00150566
0.891917 0.000401975
0.894072 0.0105163
0.89598 0.0205159
0.896023 0.0206407
0.897831 0.00762793
0.899549 -0.00154106
0.901227 -0.00125103
0.902894 0.000162714
0.904573 0.000516765
0.906166 0.000565333
0.906283 0.000565529
0.908041 0.00064017
0.909866 0.000739761
0.911775 0.000819526
0.91378 0.000869435
0.915891 0.000894255
0.917316 0.000896798
0.918107 0.000895705
0.920421 0.000869218
0.922834 0.000824811
0.925336 0.000761876
0.927915 0.000672513
0.929309 0.000603093
0.930541 0.000548353
0.933192 0.000458647
0.935844 0.000491258
0.938454 0.000838939
0.940967 0.00135608
0.943325 -0.000385992
0.945479 -0.0094703
0.947387 -0.01848
0.947431 -0.0185924
0.949238 -0.00687508
0.950956 0.00143752
0.952634 0.0011774
0.954302 -0.000123263
0.95598 -0.00046162
0.957574 -0.0005187
0.957691 -0.000519626
0.959449 -0.000597395
0.961274 -0.000697657
0.963183 -0.000779759
0.965187 -0.000834354
0.967298 -0.000865629
0.968723 -0.000873015
0.969515 -0.000874916
0.971829 -0.000858576
0.974242 -0.000825148
0.976743 -0.000773098
0.979323 -0.000695231
0.980717 -0.000633943
0.981949 -0.0005857
0.984599 -0.000496436
0.987252 -0.000493883
0.989861 -0.000731114
0.992374 -0.00109664
0.994732 0.00033874
0.996887 0.00765706
0.998795 0.0149469
0.998838 0.0150378
1.00065 0.00556524
1.00236 -0.00121753
1.00404 -0.00100838
1.00571 7.38253e-05
1.00739 0.000369077
1.00898 0.000430045
1.0091 0.000431626
1.01086 0.000506224
1.01268 0.000599034
1.01459 0.000676822
1.01659 0.000731678
1.01871 0.000766874
1.02013 0.000778505
1.02092 0.000783246
1.02324 0.000778377
1.02565 0.000758638
1.02815 0.000721688
1.03073 0.000661625
1.03212 0.000613435
1.03336 0.000575598
1.03601 0.000494008
1.03866 0.000456497
1.04127 0.000564059
1.04378 0.000748357
1.04614 -0.000264044
1.04829 -0.0052235
1.0502 -0.0102029
1.05025 -0.010265
1.05205 -0.00380455
1.05377 0.000898897
1.05545 0.000757673
1.05712 -1.84068e-05
1.0588 -0.000246634
1.06039 -0.00030655
1.06051 -0.000308659
1.06226 -0.000374041
1.06409 -0.00045188
1.066 -0.000519052
1.068 -0.000569727
1.07011 -0.000605992
1.07154 -0.000620926
1.07233 -0.000628123
1.07464 -0.000635119
1.07706 -0.000630667
1.07956 -0.000611811
1.08214 -0.000574419
1.08353 -0.000543231
1.08476 -0.000518865
1.08741 -0.000451557
1.09007 -0.000382128
1.09268 -0.000351307
1.09519 -0.000339448
1.09755 0.000167957
1.0997 0.00236676
1.10161 0.0046323
1.10165 0.00466057
1.10346 0.00173563
1.10518 -0.000507444
1.10686 -0.000445582
1.10852 -3.85029e-05
1.1102 0.00010421
1.1118 0.00015822
1.11191 0.000160685
1.11367 0.000211556
1.1155 0.000268118
1.11741 0.000319231
1.11941 0.000361619
1.12152 0.000396017
1.12295 0.000413042
1.12374 0.000422113
1.12605 0.000440407
1.12846 0.000451603
1.13097 0.000452369
