0 74225 0 75332.2 0 -1107.2
0.00257983 75979.9 0.00257983 76929.5 0.00257983 -949.6
0.00397381 77145.2  0.00397381 77992.2 0.00397381 -847
0.00520537 78140.8  0.00520537 78901.6 0.00520537 -760.8
0.00785634 80752.9 0.00785634 81303.9 0.00785634 -551
0.0105089 83859.5  0.0105089 84191.1 0.0105089 -331.6
0.0131182 87401.1  0.0131182 87515.9 0.0131182 -114.8
0.015631 91134.7   0.015631 91060.1 0.015631 74.6
0.0179891 94626.6   0.0179891 94420.7 0.0179891 205.9
0.0201438 97597.4 0.0201438 97182.3 0.0201438 415.1
0.0220518 100585 0.0220518 99394.1 0.0220518 1190.9
0.0220951 100662 0.0220951 99447.7 0.0220951 1214.3
0.0239024 104595 0.0239024 102095 0.0239024 2500
0.0256208 104370  0.0256208 103609 0.0256208 761
0.0272989 90978.9  0.0272989 97993.4 0.0272989 -7014.5
0.0289661 71839.6  0.0289661 82211.8 0.0289661 -10372.2
0.0306448 63671.4  0.0306448 68269.4 0.0306448 -4598
0.0322379 64361.5 0.0322379 65261 0.0322379 -899.5
0.0323549 64505.3 0.0323549 65272.3 0.0323549 -767
0.0341131 65880  0.0341131 66959.2 0.0341131 -1079.2
0.0359382 66852.9  0.0359382 68274.3 0.0359382 -1421.4
0.0378474 67780.4  0.0378474 69343.3 0.0378474 -1562.9
0.0398519 68694.5   0.0398519 70317.1 0.0398519 -1622.6
0.0419628 69565   0.0419628 71212.1 0.0419628 -1647.1
0.0433877 70127.6 0.0433877 71758.6 0.0433877 -1631
0.0441793 70437  0.0441793 72059.3 0.0441793 -1622.3
0.0464932 71428 0.0464932 72973.8 0.0464932 -1545.8
0.0489061 72605.2 0.0489061 74043.2 0.0489061 -1438
0.0514075 74027.7  0.0514075 75332.2 0.0514075 -1304.5
0.0539874 75780.6  0.0539874 76929.5 0.0539874 -1148.9
0.0553813 76934.1  0.0553813 77992.2 0.0553813 -1058.1
0.0566129 77919.7 0.0566129 78901.6 0.0566129 -981.9
0.0592639 80492.6 0.0592639 81303.9 0.0592639 -811.3
0.0619164 83557.3 0.0619164 84191.1 0.0619164 -633.8
0.0645257 87060.7  0.0645257 87515.9 0.0645257 -455.2
0.0670385 90797  0.0670385 91060.1 0.0670385 -263.1
0.0693966 94423.8  0.0693966 94420.7 0.0693966 3.1
0.0715513 97547.7   0.0715513 97182.3 0.0715513 365.4
0.0734594 99840 0.0734594 99394.1 0.0734594 445.9
0.0735027 99888 0.0735027 99447.7 0.0735027 440.3
0.07531 101379  0.07531 102095 0.07531 -716
0.0770283 102403  0.0770283 103609 0.0770283 -1206
0.0787064 103621  0.0787064 97993.4 0.0787064 5627.6
0.0803736 105109  0.0803736 82211.8 0.0803736 22897.2
0.0820524 104012 0.0820524 68269.4 0.0820524 35742.6
0.0836455 95355.2 0.0836455 65261 0.0836455 30094.2
0.0837625 94529.4  0.0837625 65272.3 0.0837625 29257.1
0.0855207 78891.7  0.0855207 66959.2 0.0855207 11932.5
0.0873457 69701.6 0.0873457 68274.3 0.0873457 1427.3
0.0892549 67453.3  0.0892549 69343.3 0.0892549 -1890
0.0912594 68127.8  0.0912594 70317.1 0.0912594 -2189.3
0.0933703 69645.2   0.0933703 71212.1 0.0933703 -1566.9
0.0947953 70666.1  0.0947953 71758.6 0.0947953 -1092.5
0.0955868 71234.3 0.0955868 72059.3 0.0955868 -825
0.0979007 72667.5 0.0979007 72973.8 0.0979007 -306.3
0.100314 74062.8  0.100314 74043.2 0.100314 19.6
0.102815 75531.1  0.102815 75332.2 0.102815 198.9
0.105395 77197.1   0.105395 76929.5 0.105395 267.6
0.106789 78250.4 0.106789 77992.2 0.106789 258.2
0.10802 79155.4 0.10802 78901.6 0.10802 253.8
0.110671 81476  0.110671 81303.9 0.110671 172.1
0.113324 84231.6  0.113324 84191.1 0.113324 40.5
0.115933 87393.2  0.115933 87515.9 0.115933 -122.7
0.118446 90772.1   0.118446 91060.1 0.118446 -288
0.120804 94025.8   0.120804 94420.7 0.120804 -394.9
0.122959 96738.8   0.122959 97182.3 0.122959 -443.5
0.124867 98581 0.124867 99394.1 0.124867 -813.1
0.12491 98619.5 0.12491 99447.7 0.12491 -828.2
0.126718 99828.9 0.126718 102095 0.126718 -2266.1
0.128436 101065  0.128436 103609 0.128436 -2544
0.130114 102427  0.130114 97993.4 0.130114 4433.6
0.131781 101137  0.131781 82211.8 0.131781 18925.2
0.13346 91601.3  0.13346 68269.4 0.13346 23331.9
0.135053 76815.6   0.135053 65261 0.135053 11554.6
0.13517 75801.5   0.13517 65272.3 0.13517 10529.2
0.136928 68549.6 0.136928 66959.2 0.136928 1590.4
0.138753 68209.9  0.138753 68274.3 0.138753 -64.4
0.140662 69581.1  0.140662 69343.3 0.140662 237.8
0.142667 71074.8  0.142667 70317.1 0.142667 757.7
0.144778 72444.3  0.144778 71212.1 0.144778 1232.2
0.146203 73210.5   0.146203 71758.6 0.146203 1451.9
0.146994 73632.7   0.146994 72059.3 0.146994 1573.4
0.149308 74716.2   0.149308 72973.8 0.149308 1742.4
0.151721 75835.1  0.151721 74043.2 0.151721 1791.9
0.154223 77071.3 0.154223 75332.2 0.154223 1739.1
0.156802 78524.4 0.156802 76929.5 0.156802 1594.9
0.158196 79468  0.158196 77992.2 0.158196 1475.8
0.159428 80278.7  0.159428 78901.6 0.159428 1377.1
0.162079 82396.2  0.162079 81303.9 0.162079 1092.3
0.164731 84934.6   0.164731 84191.1 0.164731 743.5
0.167341 87840.4   0.167341 87515.9 0.167341 324.5
0.169854 90899.6 0.169854 91060.1 0.169854 -160.5
0.172212 93941.2  0.172212 94420.7 0.172212 -479.5
0.174366 97292.9  0.174366 97182.3 0.174366 110.6
0.176274 100834  0.176274 99394.1 0.176274 1439.9
0.176318 100897  0.176318 99447.7 0.176318 1449.3
0.178125 98585.6   0.178125 102095 0.178125 -3509.4
0.179843 83903.5   0.179843 103609 0.179843 -19705.5
0.181521 68440.1   0.181521 97993.4 0.181521 -29553.3
0.183189 66069.4  0.183189 82211.8 0.183189 -16142.4
0.184867 68431.2  0.184867 68269.4 0.184867 161.8
0.186461 69403.5  0.186461 65261 0.186461 4142.5
0.186578 69448.6  0.186578 65272.3 0.186578 4176.3
0.188336 69809.2  0.188336 66959.2 0.188336 2850
0.190161 70198.6  0.190161 68274.3 0.190161 1924.3
0.19207 70621.5   0.19207 69343.3 0.19207 1278.2
0.194074 71057.3   0.194074 70317.1 0.194074 740.2
0.196185 71525.9 0.196185 71212.1 0.196185 313.8
0.19761 71893.5  0.19761 71758.6 0.19761 134.9
0.198402 72099.7  0.198402 72059.3 0.198402 40.4
0.200716 72868.8  0.200716 72973.8 0.200716 -105
0.203129 73860.8  0.203129 74043.2 0.203129 -182.4
0.20563 75132.1   0.20563 75332.2 0.20563 -200.1
0.20821 76768.5   0.20821 76929.5 0.20821 -161
0.209604 77878.2   0.209604 77992.2 0.209604 -114
0.210836 78823.2  0.210836 78901.6 0.210836 -78.4
0.213486 81311.1  0.213486 81303.9 0.213486 7.2
0.216139 84262.9  0.216139 84191.1 0.216139 71.8
0.218748 87594.7   0.218748 87515.9 0.218748 78.8
0.221261 91115.2   0.221261 91060.1 0.221261 55.1
0.223619 94881.5  0.223619 94420.7 0.223619 460.8
0.225774 99420.9  0.225774 97182.3 0.225774 2238.6
0.227682 103486   0.227682 99394.1 0.227682 4091.9
0.227725 103531 0.227725 99447.7 0.227725 4083.3
0.229533 97014.2 0.229533 102095 0.229533 -5080.8
0.231251 78269.8  0.231251 103609 0.231251 -25339.2
0.232929 64645  0.232929 97993.4 0.232929 -33348.4
0.234596 64017.3  0.234596 82211.8 0.234596 -18194.5
0.236275 65685.9   0.236275 68269.4 0.236275 -2583.5
0.237868 66393.6   0.237868 65261 0.237868 1132.6
0.237985 66428.1   0.237985 65272.3 0.237985 1155.8
0.239743 66914.7  0.239743 66959.2 0.239743 -44.5
0.241568 67469.7  0.241568 68274.3 0.241568 -804.6
0.243478 68064.2  0.243478 69343.3 0.243478 -1279.1
0.245482 68688.5   0.245482 70317.1 0.245482 -1628.6
0.247593 69361.9   0.247593 71212.1 0.247593 -1850.2
0.249018 69868.5   0.249018 71758.6 0.249018 -1890.1
0.249809 70150.7   0.249809 72059.3 0.249809 -1908.6
0.252123 71126.9   0.252123 72973.8 0.252123 -1846.9
0.254536 72310.4 0.254536 74043.2 0.254536 -1732.8
0.257038 73754.5 0.257038 75332.2 0.257038 -1577.7
0.259617 75543.6  0.259617 76929.5 0.259617 -1385.9
0.261011 76723.7  0.261011 77992.2 0.261011 -1268.5
0.262243 77730.7  0.262243 78901.6 0.262243 -1170.9
0.264894 80362.8   0.264894 81303.9 0.264894 -941.1
0.267547 83492.8   0.267547 84191.1 0.267547 -698.3
0.270156 87066.5   0.270156 87515.9 0.270156 -449.4
0.272669 90881.8  0.272669 91060.1 0.272669 -178.3
0.275027 94598.6  0.275027 94420.7 0.275027 177.9
0.277181 97798.9  0.277181 97182.3 0.277181 616.6
0.279089 100095   0.279089 99394.1 0.279089 700.9
0.279133 100143   0.279133 99447.7 0.279133 695.3
0.28094 101670   0.28094 102095 0.28094 -425
0.282658 103166   0.282658 103609 0.282658 -443
0.284337 105270    0.284337 97993.4 0.284337 7276.6
0.286004 106221 0.286004 82211.8 0.286004 24009.2
0.287683 99359.8 0.287683 68269.4 0.287683 31090.4
0.289276 82774.5  0.289276 65261 0.289276 17513.5
0.289393 81510.4  0.289393 65272.3 0.289393 16238.1
0.291151 68603.6  0.291151 66959.2 0.291151 1644.4
0.292976 65748.4   0.292976 68274.3 0.292976 -2525.9
0.294885 66464.7   0.294885 69343.3 0.294885 -2878.6
0.29689 67881.9   0.29689 70317.1 0.29689 -2435.2
0.299 69395.4  0.299 71212.1 0.299 -1816.7
0.300425 70293.4  0.300425 71758.6 0.300425 -1465.2
0.301217 70789.1  0.301217 72059.3 0.301217 -1270.2
0.303531 72060.7  0.303531 72973.8 0.303531 -913.1
0.305944 73367.2   0.305944 74043.2 0.305944 -676
0.308445 74813.8   0.308445 75332.2 0.308445 -518.4
0.311025 76514.3   0.311025 76929.5 0.311025 -415.2
0.312419 77609.6    0.312419 77992.2 0.312419 -382.6
0.313651 78548.4  0.313651 78901.6 0.313651 -353.2
0.316302 80975.3  0.316302 81303.9 0.316302 -328.6
0.318954 83862.2  0.318954 84191.1 0.318954 -328.9
0.321563 87171  0.321563 87515.9 0.321563 -344.9
0.324076 90704  0.324076 91060.1 0.324076 -356.1
0.326434 94118.7   0.326434 94420.7 0.326434 -302
0.328589 97022.5   0.328589 97182.3 0.328589 -159.8
0.330497 99100.5   0.330497 99394.1 0.330497 -293.6
0.33054 99143.9  0.33054 99447.7 0.33054 -303.8
0.332348 100446  0.332348 102095 0.332348 -1649
0.334066 101312  0.334066 103609 0.334066 -2297
0.335744 102341  0.335744 97993.4 0.335744 4347.6
0.337411 103413   0.337411 82211.8 0.337411 21201.2
0.33909 101521   0.33909 68269.4 0.33909 33251.6
0.340683 92392.9   0.340683 65261 0.340683 27131.9
0.3408 91577.6    0.3408 65272.3 0.3408 26305.3
0.342558 77397.6    0.342558 66959.2 0.342558 10438.4
0.344383 69931.7  0.344383 68274.3 0.344383 1657.4
0.346293 68562.6   0.346293 69343.3 0.346293 -780.7
0.348297 69527.6   0.348297 70317.1 0.348297 -789.5
0.350408 71082.1  0.350408 71212.1 0.350408 -130
0.351833 72062.1  0.351833 71758.6 0.351833 303.5
0.352625 72606.1   0.352625 72059.3 0.352625 546.8
0.354938 73957.6   0.354938 72973.8 0.354938 983.8
0.357351 75268.9   0.357351 74043.2 0.357351 1225.7
0.359853 76643.7  0.359853 75332.2 0.359853 1311.5
0.362433 78197.9  0.362433 76929.5 0.362433 1268.4
0.363827 79180  0.363827 77992.2 0.363827 1187.8
0.365058 80025.4   0.365058 78901.6 0.365058 1123.8
0.367709 82201   0.367709 81303.9 0.367709 897.1
0.370362 84795.8   0.370362 84191.1 0.370362 604.7
0.372971 87781    0.372971 87515.9 0.372971 265.1
0.375484 90945.8    0.375484 91060.1 0.375484 -114.3
0.377842 93893.5  0.377842 94420.7 0.377842 -527.2
0.379996 96301.9   0.379996 97182.3 0.379996 -880.4
0.381905 98441.4   0.381905 99394.1 0.381905 -952.7
0.381948 98494.1   0.381948 99447.7 0.381948 -953.6
0.383755 101021   0.383755 102095 0.383755 -1074
0.385474 100667   0.385474 103609 0.385474 -2942
0.387152 90436.3   0.387152 97993.4 0.387152 -7557.1
0.388819 73469.9   0.388819 82211.8 0.388819 -8741.9
0.390498 66372.2  0.390498 68269.4 0.390498 -1897.2
0.392091 67751.8  0.392091 65261 0.392091 2490.8
0.392208 67931.2  0.392208 65272.3 0.392208 2658.9
0.393966 69714.6   0.393966 66959.2 0.393966 2755.4
0.395791 70754.8   0.395791 68274.3 0.395791 2480.5
0.3977 71572.6   0.3977 69343.3 0.3977 2229.3
0.399705 72316.6    0.399705 70317.1 0.399705 1999.5
0.401816 73004.8    0.401816 71212.1 0.401816 1792.7
0.40324 73439.8  0.40324 71758.6 0.40324 1681.2
0.404032 73680.6   0.404032 72059.3 0.404032 1621.3
0.406346 74440.1   0.406346 72973.8 0.406346 1466.3
0.408759 75347.3   0.408759 74043.2 0.408759 1304.1
0.41126 76470.7   0.41126 75332.2 0.41126 1138.5
0.41384 77910.4    0.41384 76929.5 0.41384 980.9
0.415234 78895.9   0.415234 77992.2 0.415234 903.7
0.416466 79734.2   0.416466 78901.6 0.416466 832.6
0.419117 81961.6  0.419117 81303.9 0.419117 657.7
0.421769 84637  0.421769 84191.1 0.421769 445.9
0.424378 87717.9  0.424378 87515.9 0.424378 202
0.426891 91199.7   0.426891 91060.1 0.426891 139.6
0.429249 95373.9   0.429249 94420.7 0.429249 953.2
0.431404 99763.4   0.431404 97182.3 0.431404 2581.1
0.433312 98963.9   0.433312 99394.1 0.433312 -430.2
0.433355 98868.3    0.433355 99447.7 0.433355 -579.4
0.435163 83014.9  0.435163 102095 0.435163 -19080.1
0.436881 67143.7  0.436881 103609 0.436881 -36465.3
0.438559 64623.4   0.438559 97993.4 0.438559 -33370
0.440226 66279.1   0.440226 82211.8 0.440226 -15932.7
0.441905 66962.2   0.441905 68269.4 0.441905 -1307.2
0.443498 67251.8    0.443498 65261 0.443498 1990.8
0.443615 67268.4    0.443615 65272.3 0.443615 1996.1
0.445373 67603.2    0.445373 66959.2 0.445373 644
0.447198 68009.4  0.447198 68274.3 0.447198 -264.9
0.449108 68466.5  0.449108 69343.3 0.449108 -876.8
0.451112 68985.7  0.451112 70317.1 0.451112 -1331.4
0.453223 69596.1   0.453223 71212.1 0.453223 -1616
0.454648 70081.6   0.454648 71758.6 0.454648 -1677
0.45544 70353.6   0.45544 72059.3 0.45544 -1705.7
0.457753 71314.3   0.457753 72973.8 0.457753 -1659.5
0.460166 72485.7    0.460166 74043.2 0.460166 -1557.5
0.462668 73920.3  0.462668 75332.2 0.462668 -1411.9
0.465248 75702.9  0.465248 76929.5 0.465248 -1226.6
0.466642 76881.4   0.466642 77992.2 0.466642 -1110.8
0.467873 77887.4   0.467873 78901.6 0.467873 -1014.2
0.470524 80521.3   0.470524 81303.9 0.470524 -782.6
0.473177 83654    0.473177 84191.1 0.473177 -537.1
0.475786 87233.6    0.475786 87515.9 0.475786 -282.3
0.478299 91051.5    0.478299 91060.1 0.478299 -8.6
0.480657 94702.7   0.480657 94420.7 0.480657 282
0.482812 97684.9   0.482812 97182.3 0.482812 502.6
0.48472 99883.1  0.48472 99394.1 0.48472 489
0.484763 99936.9   0.484763 99447.7 0.484763 489.2
0.48657 102749   0.48657 102095 0.48657 654
0.488289 105995   0.488289 103609 0.488289 2386
0.489967 103853   0.489967 97993.4 0.489967 5859.6
0.491634 87935.5    0.491634 82211.8 0.491634 5723.7
0.493313 68634.2  0.493313 68269.4 0.493313 364.8
0.494906 62781.5  0.494906 65261 0.494906 -2479.5
0.495023 62743.5   0.495023 65272.3 0.495023 -2528.8
0.496781 64677.3   0.496781 66959.2 0.496781 -2281.9
0.498606 66142.7   0.498606 68274.3 0.498606 -2131.6
0.500515 67347.4    0.500515 69343.3 0.500515 -1995.9
0.50252 68483.7    0.50252 70317.1 0.50252 -1833.4
0.504631 69552.6    0.504631 71212.1 0.504631 -1659.5
0.506056 70195.3   0.506056 71758.6 0.506056 -1563.3
0.506847 70547.5   0.506847 72059.3 0.506847 -1511.8
0.509161 71587.4   0.509161 72973.8 0.509161 -1386.4
0.511574 72782.4   0.511574 74043.2 0.511574 -1260.8
0.514075 74202.6   0.514075 75332.2 0.514075 -1129.6
0.516655 75937.9   0.516655 76929.5 0.516655 -991.6
0.518049 77075.4   0.518049 77992.2 0.518049 -916.8
0.519281 78048.1    0.519281 78901.6 0.519281 -853.5
0.521932 80583.3    0.521932 81303.9 0.521932 -720.6
0.524584 83603.1  0.524584 84191.1 0.524584 -588
0.527194 87058.1   0.527194 87515.9 0.527194 -457.8
0.529706 90743.9   0.529706 91060.1 0.529706 -316.2
0.532064 94316.5   0.532064 94420.7 0.532064 -104.2
0.534219 97382.8    0.534219 97182.3 0.534219 200.5
0.536127 99630.7    0.536127 99394.1 0.536127 236.6
0.53617 99677.9    0.53617 99447.7 0.53617 230.2
0.537978 101138    0.537978 102095 0.537978 -957
0.539696 102069   0.539696 103609 0.539696 -1540
0.541374 103059   0.541374 97993.4 0.541374 5065.6
0.543041 104401   0.543041 82211.8 0.543041 22189.2
0.54472 104027    0.54472 68269.4 0.54472 35757.6
0.546313 97293.3   0.546313 65261 0.546313 32032.3
0.54643 96612.8   0.54643 65272.3 0.54643 31340.5
0.548188 81797    0.548188 66959.2 0.548188 14837.8
0.550014 71465.1    0.550014 68274.3 0.550014 3190.8
0.551923 68153  0.551923 69343.3 0.551923 -1190.3
0.553927 68427.5   0.553927 70317.1 0.553927 -1889.6
0.556038 69873.4   0.556038 71212.1 0.556038 -1338.7
0.557463 70916.3   0.557463 71758.6 0.557463 -842.3
0.558255 71498.1    0.558255 72059.3 0.558255 -561.2
0.560569 72973.6    0.560569 72973.8 0.560569 -0.2
0.562981 74392.5    0.562981 74043.2 0.562981 349.3
0.565483 75863.2    0.565483 75332.2 0.565483 531
0.568063 77511.1   0.568063 76929.5 0.568063 581.6
0.569457 78545.5   0.569457 77992.2 0.569457 553.3
0.570688 79435.2   0.570688 78901.6 0.570688 533.6
0.573339 81710.1    0.573339 81303.9 0.573339 406.2
0.575992 84410    0.575992 84191.1 0.575992 218.9
0.578601 87509.4    0.578601 87515.9 0.578601 -6.5
0.581114 90823.3    0.581114 91060.1 0.581114 -236.8
0.583472 93999.6    0.583472 94420.7 0.583472 -421.1
0.585627 96602.5  0.585627 97182.3 0.585627 -579.8
0.587535 98335.5   0.587535 99394.1 0.587535 -1058.6
0.587578 98372.7   0.587578 99447.7 0.587578 -1075
0.589385 99733.9   0.589385 102095 0.589385 -2361.1
0.591104 101371    0.591104 103609 0.591104 -2238
0.592782 102153    0.592782 97993.4 0.592782 4159.6
0.594449 96956.9    0.594449 82211.8 0.594449 14745.1
0.596128 82216    0.596128 68269.4 0.596128 13946.6
0.597721 69460.5   0.597721 65261 0.597721 4199.5
0.597838 68746.4   0.597838 65272.3 0.597838 3474.1
0.599596 67350.5   0.599596 66959.2 0.599596 391.3
0.601421 68838.3    0.601421 68274.3 0.601421 564
0.60333 70389.2    0.60333 69343.3 0.60333 1045.9
0.605335 71711.1    0.605335 70317.1 0.605335 1394
0.607446 72862.5     0.607446 71212.1 0.607446 1650.4
0.608871 73511.3     0.608871 71758.6 0.608871 1752.7
0.609662 73868.3  0.609662 72059.3 0.609662 1809
0.611976 74831.7  0.611976 72973.8 0.611976 1857.9
0.614389 75869   0.614389 74043.2 0.614389 1825.8
0.61689 77052.5   0.61689 75332.2 0.61689 1720.3
0.61947 78479.1   0.61947 76929.5 0.61947 1549.6
0.620864 79423.5    0.620864 77992.2 0.620864 1431.3
0.622096 80232.6    0.622096 78901.6 0.622096 1331
0.624747 82363.4    0.624747 81303.9 0.624747 1059.5
0.627399 84918.4   0.627399 84191.1 0.627399 727.3
0.630009 87833.1   0.630009 87515.9 0.630009 317.2
0.632521 90938.1   0.632521 91060.1 0.632521 -122
0.63488 94281.7    0.63488 94420.7 0.63488 -139
0.637034 98232    0.637034 97182.3 0.637034 1049.7
0.638942 101122    0.638942 99394.1 0.638942 1727.9
0.638986 101147    0.638986 99447.7 0.638986 1699.3
0.640793 93481.4     0.640793 102095 0.640793 -8613.6
0.642511 75580   0.642511 103609 0.642511 -28029
0.644189 65695   0.644189 97993.4 0.644189 -32298.4
0.645856 66901.4   0.645856 82211.8 0.645856 -15310.4
0.647535 68449.4   0.647535 68269.4 0.647535 180
0.649128 68911.6   0.649128 65261 0.649128 3650.6
0.649245 68930.3    0.649245 65272.3 0.649245 3658
0.651004 69191    0.651004 66959.2 0.651004 2231.8
0.652829 69530    0.652829 68274.3 0.652829 1255.7
0.654738 69910.5   0.654738 69343.3 0.654738 567.2
0.656742 70328.2   0.656742 70317.1 0.656742 11.1
0.658853 70816.2   0.658853 71212.1 0.658853 -395.9
0.660278 71217.4    0.660278 71758.6 0.660278 -541.2
0.66107 71442.7    0.66107 72059.3 0.66107 -616.6
0.663384 72282.3    0.663384 72973.8 0.663384 -691.5
0.665796 73348.1     0.665796 74043.2 0.665796 -695.1
0.668298 74690.9     0.668298 75332.2 0.668298 -641.3
0.670878 76393   0.670878 76929.5 0.670878 -536.5
0.672272 77533.7   0.672272 77992.2 0.672272 -458.5
0.673503 78507.4    0.673503 78901.6 0.673503 -394.2
0.676154 81064.6    0.676154 81303.9 0.676154 -239.3
0.678807 84097.8   0.678807 84191.1 0.678807 -93.3
0.681416 87529.9    0.681416 87515.9 0.681416 14
0.683929 91104.1    0.683929 91060.1 0.683929 44
0.686287 94588    0.686287 94420.7 0.686287 167.3
0.688442 98349.5   0.688442 97182.3 0.688442 1167.2
0.69035 102923   0.69035 99394.1 0.69035 3528.9
0.690393 103016   0.690393 99447.7 0.690393 3568.3
0.6922 103589   0.6922 102095 0.6922 1494
0.693919 91018.6    0.693919 103609 0.693919 -12590.4
0.695597 71820.5    0.695597 97993.4 0.695597 -26172.9
0.697264 63615     0.697264 82211.8 0.697264 -18596.8
0.698943 64756.6     0.698943 68269.4 0.698943 -3512.8
0.700536 66051.3   0.700536 65261 0.700536 790.3
0.700653 66119.3    0.700653 65272.3 0.700653 847
0.702411 66755.7    0.702411 66959.2 0.702411 -203.5
0.704236 67409.3    0.704236 68274.3 0.704236 -865
0.706145 68105.1    0.706145 69343.3 0.706145 -1238.2
0.70815 68809.6    0.70815 70317.1 0.70815 -1507.5
0.710261 69529.6    0.710261 71212.1 0.710261 -1682.5
0.711686 70045.5    0.711686 71758.6 0.711686 -1713.1
0.712477 70331.6   0.712477 72059.3 0.712477 -1727.7
0.714791 71303.3   0.714791 72973.8 0.714791 -1670.5
0.717204 72477.1   0.717204 74043.2 0.717204 -1566.1
0.719705 73907.4    0.719705 75332.2 0.719705 -1424.8
0.722285 75677.7    0.722285 76929.5 0.722285 -1251.8
0.723679 76844.5    0.723679 77992.2 0.723679 -1147.7
0.724911 77841     0.724911 78901.6 0.724911 -1060.6
0.727562 80443.4     0.727562 81303.9 0.727562 -860.5
0.730214 83539.6   0.730214 84191.1 0.730214 -651.5
0.732824 87076.4   0.732824 87515.9 0.732824 -439.5
0.735336 90850.5    0.735336 91060.1 0.735336 -209.6
0.737695 94520.8    0.737695 94420.7 0.737695 100.1
0.739849 97683.9    0.739849 97182.3 0.739849 501.6
0.741757 99985.5     0.741757 99394.1 0.741757 591.4
0.741801 100033    0.741801 99447.7 0.741801 585.3
0.743608 101535    0.743608 102095 0.743608 -560
0.745326 102754   0.745326 103609 0.745326 -855
0.747004 104409   0.747004 97993.4 0.747004 6415.6
0.748672 105782   0.748672 82211.8 0.748672 23570.2
0.75035 102250    0.75035 68269.4 0.75035 33980.6
0.751943 89451.7    0.751943 65261 0.751943 24190.7
0.75206 88369.3    0.75206 65272.3 0.75206 23097
0.753819 73143.6     0.753819 66959.2 0.753819 6184.4
0.755644 67183.6     0.755644 68274.3 0.755644 -1090.7
0.757553 66779   0.757553 69343.3 0.757553 -2564.3
0.759557 67983.8   0.759557 70317.1 0.759557 -2333.3
0.761668 69539.9    0.761668 71212.1 0.761668 -1672.2
0.763093 70497.9    0.763093 71758.6 0.763093 -1260.7
0.763885 71028.7    0.763885 72059.3 0.763885 -1030.6
0.766199 72369.8     0.766199 72973.8 0.766199 -604
0.768612 73710.3     0.768612 74043.2 0.768612 -332.9
0.771113 75160.2     0.771113 75332.2 0.771113 -172
0.773693 76839.4   0.773693 76929.5 0.773693 -90.1
0.775087 77913.3   0.775087 77992.2 0.775087 -78.9
0.776318 78834.8   0.776318 78901.6 0.776318 -66.8
0.778969 81210.5    0.778969 81303.9 0.778969 -93.4
0.781622 84035.9    0.781622 84191.1 0.781622 -155.2
0.784231 87277.1    0.784231 87515.9 0.784231 -238.8
0.786744 90740.6    0.786744 91060.1 0.786744 -319.5
0.789102 94084.7     0.789102 94420.7 0.789102 -336
0.791257 96907.6   0.791257 97182.3 0.791257 -274.7
0.793165 98884.5   0.793165 99394.1 0.793165 -509.6
0.793208 98925.6    0.793208 99447.7 0.793208 -522.1
0.795015 100163    0.795015 102095 0.795015 -1932
0.796734 101189    0.796734 103609 0.796734 -2420
0.798412 102509     0.798412 97993.4 0.798412 4515.6
0.800079 102854     0.800079 82211.8 0.800079 20642.2
0.801758 97417.9     0.801758 68269.4 0.801758 29148.5
0.803351 84289    0.803351 65261 0.803351 19028
0.803468 83272.6    0.803468 65272.3 0.803468 18000.3
0.805226 71575.7   0.805226 66959.2 0.805226 4616.5
0.807051 68272.1    0.807051 68274.3 0.807051 -2.2
0.80896 68818.1    0.80896 69343.3 0.80896 -525.2
0.810965 70247.5    0.810965 70317.1 0.810965 -69.6
0.813076 71752.6    0.813076 71212.1 0.813076 540.5
0.814501 72618.5     0.814501 71758.6 0.814501 859.9
0.815292 73097   0.815292 72059.3 0.815292 1037.7
0.817606 74294.9   0.817606 72973.8 0.817606 1321.1
0.820019 75496    0.820019 74043.2 0.820019 1452.8
0.822521 76794.9    0.822521 75332.2 0.822521 1462.7
0.8251 78299    0.8251 76929.5 0.8251 1369.5
0.826494 79265.9     0.826494 77992.2 0.826494 1273.7
0.827726 80097.5     0.827726 78901.6 0.827726 1195.9
0.830377 82260.9     0.830377 81303.9 0.830377 957
0.833029 84853.3    0.833029 84191.1 0.833029 662.2
0.835639 87831.8    0.835639 87515.9 0.835639 315.9
0.838152 90960.5    0.838152 91060.1 0.838152 -99.6
0.84051 93880.5    0.84051 94420.7 0.84051 -540.2
0.842664 96551.2    0.842664 97182.3 0.842664 -631.1
0.844572 99509.9    0.844572 99394.1 0.844572 115.8
0.844616 99578.5    0.844616 99447.7 0.844616 130.8
0.846423 101582     0.846423 102095 0.846423 -513
0.848141 95686   0.848141 103609 0.848141 -7923
0.849819 79129.5   0.849819 97993.4 0.849819 -18863.9
0.851487 67229.8    0.851487 82211.8 0.851487 -14982
0.853165 66946.2    0.853165 68269.4 0.853165 -1323.2
0.854758 68936    0.854758 65261 0.854758 3675
0.854875 69058.8     0.854875 65272.3 0.854875 3786.5
0.856634 69968.3     0.856634 66959.2 0.856634 3009.1
0.858459 70592.4     0.858459 68274.3 0.858459 2318.1
0.860368 71189.8    0.860368 69343.3 0.860368 1846.5
0.862372 71767.8    0.862372 70317.1 0.862372 1450.7
0.864483 72327.3    0.864483 71212.1 0.864483 1115.2
0.865908 72712.2     0.865908 71758.6 0.865908 953.6
0.8667 72926.6     0.8667 72059.3 0.8667 867.3
0.869014 73665.3    0.869014 72973.8 0.869014 691.5
0.871427 74593.4    0.871427 74043.2 0.871427 550.2
0.873928 75776.6     0.873928 75332.2 0.873928 444.4
0.876508 77308.2     0.876508 76929.5 0.876508 378.7
0.877902 78356.9   0.877902 77992.2 0.877902 364.7
0.879133 79249.4    0.879133 78901.6 0.879133 347.8
0.881784 81617.5    0.881784 81303.9 0.881784 313.6
0.884437 84445.7    0.884437 84191.1 0.884437 254.6
0.887046 87660.8     0.887046 87515.9 0.887046 144.9
0.889559 91142.8     0.889559 91060.1 0.889559 82.7
0.891917 95061.3     0.891917 94420.7 0.891917 640.6
0.894072 99655.2     0.894072 97182.3 0.894072 2472.9
0.89598 102098    0.89598 99394.1 0.89598 2703.9
0.896023 102092    0.896023 99447.7 0.896023 2644.3
0.897831 91376.7    0.897831 102095 0.897831 -10718.3
0.899549 72666.4     0.899549 103609 0.899549 -30942.6
0.901227 64134.4     0.901227 97993.4 0.901227 -33859
0.902894 65169.4     0.902894 82211.8 0.902894 -17042.4
0.904573 66410.3     0.904573 68269.4 0.904573 -1859.1
0.906166 66905.2   0.906166 65261 0.906166 1644.2
0.906283 66930.1   0.906283 65272.3 0.906283 1657.8
0.908041 67338.9    0.908041 66959.2 0.908041 379.7
0.909866 67821    0.909866 68274.3 0.909866 -453.3
0.911775 68347.6    0.911775 69343.3 0.911775 -995.7
0.91378 68917.4     0.91378 70317.1 0.91378 -1399.7
0.915891 69555.6     0.915891 71212.1 0.915891 -1656.5
0.917316 70048.7     0.917316 71758.6 0.917316 -1709.9
0.918107 70324.2     0.918107 72059.3 0.918107 -1735.1
0.920421 71287.5    0.920421 72973.8 0.920421 -1686.3
0.922834 72459.2    0.922834 74043.2 0.922834 -1584
0.925336 73891.9    0.925336 75332.2 0.925336 -1440.3
0.927915 75671.5     0.927915 76929.5 0.927915 -1258
0.929309 76847.4     0.929309 77992.2 0.929309 -1144.8
0.930541 77850.9     0.930541 78901.6 0.930541 -1050.7
0.933192 80477      0.933192 81303.9 0.933192 -826.9
0.935844 83601.5      0.935844 84191.1 0.935844 -589.6
0.938454 87171.3   0.938454 87515.9 0.938454 -344.6
0.940967 90986.4    0.940967 91060.1 0.940967 -73.7
0.943325 94685    0.943325 94420.7 0.943325 264.3
0.945479 97788.9    0.945479 97182.3 0.945479 606.6
0.947387 99943.5    0.947387 99394.1 0.947387 549.4
0.947431 99990.4     0.947431 99447.7 0.947431 542.7
0.949238 101893     0.949238 102095 0.949238 -202
0.950956 104419     0.950956 103609 0.950956 810
0.952634 106249    0.952634 97993.4 0.952634 8255.6
0.954302 100478    0.954302 82211.8 0.954302 18266.2
0.95598 82330.4    0.95598 68269.4 0.95598 14061
0.957574 66617     0.957574 65261 0.957574 1356
0.957691 65784.1     0.957691 65272.3 0.957691 511.8
0.959449 64286.4     0.959449 66959.2 0.959449 -2672.8
0.961274 65611.5      0.961274 68274.3 0.961274 -2662.8
0.963183 67045.5      0.963183 69343.3 0.963183 -2297.8
0.965187 68386.8    0.965187 70317.1 0.965187 -1930.3
0.967298 69651.2    0.967298 71212.1 0.967298 -1560.9
0.968723 70388.7    0.968723 71758.6 0.968723 -1369.9
0.969515 70793.6    0.969515 72059.3 0.969515 -1265.7
0.971829 71903.7     0.971829 72973.8 0.971829 -1070.1
0.974242 73122.6     0.974242 74043.2 0.974242 -920.6
0.976743 74535.7     0.976743 75332.2 0.976743 -796.5
0.979323 76241.7     0.979323 76929.5 0.979323 -687.8
0.980717 77354.9    0.980717 77992.2 0.980717 -637.3
0.981949 78307.9    0.981949 78901.6 0.981949 -593.7
0.984599 80788.3    0.984599 81303.9 0.984599 -515.6
0.987252 83744.1     0.987252 84191.1 0.987252 -447
0.989861 87128.6     0.989861 87515.9 0.989861 -387.3
0.992374 90738.8     0.992374 91060.1 0.992374 -321.3
0.994732 94232.7      0.994732 94420.7 0.994732 -188
0.996887 97218.4      0.996887 97182.3 0.996887 36.1
0.998795 99379.6    0.998795 99394.1 0.998795 -14.5
0.998838 99424.9     0.998838 99447.7 0.998838 -22.8
1.00065 100803     1.00065 102095 1.00065 -1292
1.00236 101714    1.00236 103609 1.00236 -1895
1.00404 102766     1.00404 97993.4 1.00404 4772.6
1.00571 103980     1.00571 82211.8 1.00571 21768.2
1.00739 102626     1.00739 68269.4 1.00739 34356.6
1.00898 94208     1.00898 65261 1.00898 28947
1.0091 93426.8    1.0091 65272.3 1.0091 28154.5
1.01086 78819.7    1.01086 66959.2 1.01086 11860.5
1.01268 70293.9    1.01268 68274.3 1.01268 2019.6
1.01459 68265.4    1.01459 69343.3 1.01459 -1077.9
1.01659 69001.4     1.01659 70317.1 1.01659 -1315.7
1.01871 70523.2     1.01871 71212.1 1.01871 -688.9
1.02013 71527.5     1.02013 71758.6 1.02013 -231.1
1.02092 72085.9      1.02092 72059.3 1.02092 26.6
1.02324 73483.7      1.02324 72973.8 1.02324 509.9
1.02565 74836.5    1.02565 74043.2 1.02565 793.3
1.02815 76250.5    1.02815 75332.2 1.02815 918.3
1.03073 77846.3     1.03073 76929.5 1.03073 916.8
1.03212 78853.2     1.03212 77992.2 1.03212 861
1.03336 79719.5     1.03336 78901.6 1.03336 817.9
1.03601 81944.3     1.03601 81303.9 1.03601 640.4
1.03866 84593.7     1.03866 84191.1 1.03866 402.6
1.04127 87642.5     1.04127 87515.9 1.04127 126.6
1.04378 90896.3     1.04378 91060.1 1.04378 -163.8
1.04614 93974    1.04614 94420.7 1.04614 -446.7
1.04829 96438.8    1.04829 97182.3 1.04829 -743.5
1.0502 98206.1    1.0502 99394.1 1.0502 -1188
1.05025 98247.5     1.05025 99447.7 1.05025 -1200.2
1.05205 100236     1.05205 102095 1.05205 -1859
1.05377 101963     1.05377 103609 1.05377 -1646
1.05545 98821.8     1.05545 97993.4 1.05545 828.4
1.05712 85301.9      1.05712 82211.8 1.05712 3090.1
1.0588 70017.1      1.0588 68269.4 1.0588 1747.7
1.06039 66314.1    1.06039 65261 1.06039 1053.1
1.06051 66287.8    1.06051 65272.3 1.06051 1015.5
1.06226 68387.2     1.06226 66959.2 1.06226 1428
1.06409 69992.6     1.06409 68274.3 1.06409 1718.3
1.066 71163.8     1.066 69343.3 1.066 1820.5
1.068 72155.7      1.068 70317.1 1.068 1838.6
1.07011 73039.5      1.07011 71212.1 1.07011 1827.4
1.07154 73563.3     1.07154 71758.6 1.07154 1804.7
1.07233 73851.8     1.07233 72059.3 1.07233 1792.5
1.07464 74694.2    1.07464 72973.8 1.07464 1720.4
1.07706 75650.1    1.07706 74043.2 1.07706 1606.9
1.07956 76787.6    1.07956 75332.2 1.07956 1455.4
1.08214 78205.6     1.08214 76929.5 1.08214 1276.1
1.08353 79165     1.08353 77992.2 1.08353 1172.8
1.08476 79983.9     1.08476 78901.6 1.08476 1082.3
1.08741 82157.9     1.08741 81303.9 1.08741 854
1.09007 84769.3      1.09007 84191.1 1.09007 578.2
1.09268 87759.8      1.09268 87515.9 1.09268 243.9
1.09519 91037.8    1.09519 91060.1 1.09519 -22.3
1.09755 94809.1     1.09755 94420.7 1.09755 388.4
1.0997 99143.2     1.0997 97182.3 1.0997 1960.9
1.10161 100491     1.10161 99394.1 1.10161 1096.9
1.10165 100459     1.10165 99447.7 1.10165 1011.3
1.10346 88077.3      1.10346 102095 1.10346 -14017.7
1.10518 70405.3      1.10518 103609 1.10518 -33203.7
1.10686 65004.4      1.10686 97993.4 1.10686 -32989
1.10852 66710.9      1.10852 82211.8 1.10852 -15500.9
1.1102 67662.6    1.1102 68269.4 1.1102 -606.8
1.1118 67971.8    1.1118 65261 1.1118 2710.8
1.11191 67986.3    1.11191 65272.3 1.11191 2714
1.11367 68269.6     1.11367 66959.2 1.11367 1310.4
1.1155 68632.3     1.1155 68274.3 1.1155 358
1.11741 69043.9     1.11741 69343.3 1.11741 -299.4
1.11941 69512.3     1.11941 70317.1 1.11941 -804.8
1.12152 70069.1      1.12152 71212.1 1.12152 -1143
1.12295 70521      1.12295 71758.6 1.12295 -1237.6
1.12374 70774.3    1.12374 72059.3 1.12374 -1285
1.12605 71689.5     1.12605 72973.8 1.12605 -1284.3
1.12846 72823.1     1.12846 74043.2 1.12846 -1220.1
