  1    3.157    1    1.20E+00   1.4841E+00 
  2    3.172    1    1.44E+00   1.4841E+00 
  3    3.199    1    1.73E+00   1.4841E+00 
  4    3.245    1    2.07E+00   1.4841E+00 
  5    3.310    1    2.49E+00   1.4841E+00 
  6    3.394    1    2.99E+00   1.4841E+00 
  7    3.489    1    3.58E+00   1.4841E+00 
  8    3.591    1    4.30E+00   1.4841E+00 
  9    3.694    1    5.16E+00   1.4841E+00 
 10    3.801    1    6.19E+00   1.4841E+00 
 11    3.915    1    7.43E+00   1.4840E+00 
 12    4.037    1    8.92E+00   1.4840E+00 
 13    4.170    1    1.07E+01   1.4840E+00 
 14    4.311    1    1.28E+01   1.4840E+00 
 15    4.452    1    1.54E+01   1.4839E+00 
 16    4.584    1    1.85E+01   1.4839E+00 
 17    4.702    1    2.22E+01   1.4838E+00 
 18    4.804    1    2.66E+01   1.4838E+00 
 19    4.890    1    3.19E+01   1.4837E+00 
 20    4.962    1    3.83E+01   1.4837E+00 
 21    5.063    2    4.60E+01   1.4836E+00 
 22    5.148    2    5.52E+01   1.4835E+00 
 23    5.207    2    6.62E+01   1.4834E+00 
 24    5.238    2    7.95E+01   1.4832E+00 
 25    5.275    3    9.54E+01   1.4831E+00 
 26    5.263    3    1.14E+02   1.4830E+00 
 27    5.244    4    1.37E+02   1.4829E+00 
 28    5.191    5    1.65E+02   1.4828E+00 
 29    5.144    5    1.98E+02   1.4827E+00 
 30    5.141    6    2.37E+02   1.4827E+00 
 31    5.215    8    2.85E+02   1.4827E+00 
 32    5.278   11    3.42E+02   1.4828E+00 
 33    5.297   24    4.10E+02   1.4829E+00 
 34    5.439   38    4.92E+02   1.4830E+00 
 35    5.679   45    5.91E+02   1.4831E+00 
 36    5.894   48    7.09E+02   1.4832E+00 
 37    6.012   50    8.51E+02   1.4832E+00 
 38    6.053   54    1.02E+03   1.4834E+00 
 39    6.118   59    1.22E+03   1.4835E+00 
 40    6.224   61    1.47E+03   1.4835E+00 
 41    6.276   61    1.76E+03   1.4834E+00 
 42    6.258   64    2.12E+03   1.4832E+00 
 43    6.207   72    2.54E+03   1.4830E+00 
 44    6.138   85    3.05E+03   1.4828E+00 
 45    6.066  107    3.66E+03   1.4826E+00 
 46    5.992  131    4.39E+03   1.4824E+00 
 47    5.915  152    5.27E+03   1.4822E+00 
 48    5.828  175    6.32E+03   1.4821E+00 
 49    5.767  191    7.58E+03   1.4819E+00 
 50    5.711  210    9.10E+03   1.4817E+00 
 51    5.655  231    1.09E+04   1.4816E+00 
 52    5.586  252    1.31E+04   1.4814E+00 
 53    5.500  266    1.57E+04   1.4813E+00 
 54    5.387  281    1.89E+04   1.4812E+00 
 55    5.257  295    2.26E+04   1.4811E+00 
 56    5.099  305    2.72E+04   1.4810E+00 
 57    4.921  322    3.26E+04   1.4809E+00 
 58    4.712  341    3.91E+04   1.4808E+00 
 59    4.475  351    4.70E+04   1.4808E+00 
 60    4.197  364    5.63E+04   1.4808E+00 
 61    3.883  371    6.76E+04   1.4808E+00 
 62    3.524  381    8.11E+04   1.4808E+00 
 63    3.115  387    9.74E+04   1.4807E+00 
 64    2.651  393    1.17E+05   1.4807E+00 
 65    2.132  402    1.40E+05   1.4807E+00 
 66    1.544  405    1.68E+05   1.4807E+00 
 67    0.885  403    2.02E+05   1.4807E+00 
 68    0.148  408    2.42E+05   1.4807E+00 
 69   -0.655  419    2.91E+05   1.4807E+00 
 70   -1.518  410    3.49E+05   1.4807E+00 
