  1    4.790    1    1.20E+00   1.5636E+00  
  2    4.815    1    1.44E+00   1.5635E+00  
  3    4.860    1    1.73E+00   1.5634E+00  
  4    4.927    1    2.07E+00   1.5632E+00  
  5    5.015    1    2.49E+00   1.5630E+00  
  6    5.116    1    2.99E+00   1.5628E+00  
  7    5.223    1    3.58E+00   1.5625E+00  
  8    5.330    1    4.30E+00   1.5621E+00  
  9    5.436    1    5.16E+00   1.5617E+00  
 10    5.540    1    6.19E+00   1.5612E+00  
 11    5.648    1    7.43E+00   1.5606E+00  
 12    5.764    1    8.92E+00   1.5599E+00  
 13    5.892    1    1.07E+01   1.5590E+00  
 14    6.028    1    1.28E+01   1.5579E+00  
 15    6.166    1    1.54E+01   1.5566E+00  
 16    6.297    1    1.85E+01   1.5550E+00  
 17    6.412    1    2.22E+01   1.5532E+00  
 18    6.511    1    2.66E+01   1.5510E+00  
 19    6.593    1    3.19E+01   1.5484E+00  
 20    6.660    1    3.83E+01   1.5455E+00  
 21    6.714    1    4.60E+01   1.5423E+00  
 22    6.754    1    5.52E+01   1.5387E+00  
 23    6.839    2    6.62E+01   1.5343E+00  
 24    6.866    2    7.95E+01   1.5295E+00  
 25    6.851    2    9.54E+01   1.5241E+00  
 26    6.836    3    1.14E+02   1.5184E+00  
 27    6.799    5    1.37E+02   1.5145E+00  
 28    6.769    5    1.65E+02   1.5089E+00  
 29    6.802    6    1.98E+02   1.5041E+00  
 30    6.883    6    2.37E+02   1.5009E+00  
 31    6.982    7    2.85E+02   1.5000E+00  
 32    7.057    8    3.42E+02   1.5025E+00  
 33    7.074   11    4.10E+02   1.5080E+00  
 34    7.050   27    4.92E+02   1.5125E+00  
 35    7.204   44    5.91E+02   1.5171E+00  
 36    7.534   53    7.09E+02   1.5203E+00  
 37    7.772   52    8.51E+02   1.5227E+00  
 38    7.883   52    1.02E+03   1.5304E+00  
 39    7.933   55    1.22E+03   1.5355E+00  
 40    8.016   60    1.47E+03   1.5435E+00  
 41    8.074   68    1.47E+03   1.5476E+00  
 42    8.103   62    1.47E+03   1.5538E+00  
 43    8.082   59    1.76E+03   1.5577E+00  
 44    7.998   67    2.12E+03   1.5530E+00  
 45    7.854   81    2.54E+03   1.5501E+00  
 46    7.667   95    3.05E+03   1.5501E+00  
 47    7.509  111    3.66E+03   1.5487E+00  
 48    7.400  118    4.39E+03   1.5487E+00  
 49    7.295  130    5.27E+03   1.5480E+00  
 50    7.150  140    6.32E+03   1.5493E+00  
 51    6.959  153    7.58E+03   1.5485E+00  
 52    6.729  161    9.10E+03   1.5483E+00  
 53    6.501  167    1.09E+04   1.5481E+00  
 54    6.272  185    1.09E+04   1.5480E+00  
 55    6.046  196    1.09E+04   1.5480E+00  
 56    5.814  207    1.09E+04   1.5480E+00  
 57    5.494  206    1.31E+04   1.5479E+00  
 58    5.171  244    1.57E+04   1.5479E+00  
 59    4.838  264    1.89E+04   1.5479E+00  
 60    4.476  291    2.26E+04   1.5479E+00  
 61    4.073  309    2.72E+04   1.5479E+00  
 62    3.628  324    3.26E+04   1.5479E+00  
 63    3.127  331    3.91E+04   1.5479E+00  
 64    2.563  335    4.70E+04   1.5479E+00  
 65    1.912  337    5.63E+04   1.5479E+00  
 66    1.182  341    6.76E+04   1.5479E+00  
 67    0.357  328    8.11E+04   1.5479E+00  
 68   -0.528  318    9.74E+04   1.5479E+00  
 69   -1.452  319    1.17E+05   1.5479E+00  

