  1     4.144    1    1.20E+00  1.5068E+00
  2     4.160    1    1.44E+00  1.5068E+00
  3     4.188    1    1.73E+00  1.5067E+00
  4     4.234    1    2.07E+00  1.5067E+00
  5     4.300    1    2.49E+00  1.5067E+00
  6     4.385    1    2.99E+00  1.5066E+00
  7     4.482    1    3.58E+00  1.5065E+00
  8     4.584    1    4.30E+00  1.5064E+00
  9     4.689    1    5.16E+00  1.5063E+00
 10     4.797    1    6.19E+00  1.5062E+00
 11     4.910    1    7.43E+00  1.5060E+00
 12     5.033    1    8.92E+00  1.5058E+00
 13     5.167    1    1.07E+01  1.5056E+00
 14     5.307    1    1.28E+01  1.5053E+00
 15     5.447    1    1.54E+01  1.5050E+00
 16     5.579    1    1.85E+01  1.5046E+00
 17     5.696    1    2.22E+01  1.5041E+00
 18     5.797    1    2.66E+01  1.5036E+00
 19     5.882    1    3.19E+01  1.5030E+00
 20     5.954    1    3.83E+01  1.5023E+00
 21     6.054    2    4.60E+01  1.5014E+00
 22     6.139    2    5.52E+01  1.5005E+00
 23     6.199    2    6.62E+01  1.4994E+00
 24     6.230    2    7.95E+01  1.4982E+00
 25     6.267    3    9.54E+01  1.4970E+00
 26     6.256    3    1.14E+02  1.4957E+00
 27     6.238    4    1.37E+02  1.4946E+00
 28     6.185    5    1.65E+02  1.4937E+00
 29     6.138    5    1.98E+02  1.4929E+00
 30     6.131    6    2.37E+02  1.4926E+00
 31     6.202    8    2.85E+02  1.4930E+00
 32     6.266   11    3.42E+02  1.4940E+00
 33     6.283   24    4.10E+02  1.4950E+00
 34     6.424   37    4.92E+02  1.4960E+00
 35     6.664   46    5.91E+02  1.4968E+00
 36     6.885   49    7.09E+02  1.4975E+00
 37     7.013   52    8.51E+02  1.4982E+00
 38     7.065   57    1.02E+03  1.4994E+00
 39     7.136   62    1.22E+03  1.5007E+00
 40     7.258   66    1.47E+03  1.5008E+00
 41     7.323   65    1.47E+03  1.5005E+00
 42     7.334   57    1.47E+03  1.4995E+00
 43     7.312   54    1.47E+03  1.4988E+00
 44     7.267   52    1.47E+03  1.4976E+00
 45     7.215   51    1.76E+03  1.4963E+00
 46     7.158   59    1.76E+03  1.4952E+00
 47     7.092   62    2.12E+03  1.4942E+00
 48     7.023   81    2.54E+03  1.4932E+00
 49     6.995   96    2.54E+03  1.4925E+00
 50     6.897   95    3.05E+03  1.4917E+00
 51     6.802  110    3.66E+03  1.4907E+00
 52     6.689  124    4.39E+03  1.4898E+00
 53     6.576  151    5.27E+03  1.4891E+00
 54     6.493  177    5.27E+03  1.4886E+00
 55     6.388  174    6.32E+03  1.4879E+00
 56     6.300  195    7.58E+03  1.4873E+00
 57     6.213  218    9.10E+03  1.4868E+00
 58     6.121  237    1.09E+04  1.4863E+00
 59     6.023  259    1.31E+04  1.4858E+00
 60     5.898  270    1.57E+04  1.4854E+00
 61     5.749  279    1.89E+04  1.4850E+00
 62     5.722  295    1.89E+04  1.4849E+00
 63     5.523  288    2.26E+04  1.4846E+00
 64     5.317  300    2.72E+04  1.4844E+00
 65     5.086  315    3.26E+04  1.4843E+00
 66     4.824  327    3.91E+04  1.4842E+00
 67     4.526  341    4.70E+04  1.4842E+00
 68     4.182  352    5.63E+04  1.4841E+00
 69     3.792  360    6.76E+04  1.4841E+00
 70     3.348  365    8.11E+04  1.4841E+00
 71     2.849  367    9.74E+04  1.4841E+00
 72     2.287  369    1.17E+05  1.4841E+00
 73     1.655  374    1.40E+05  1.4841E+00
 74     0.949  378    1.68E+05  1.4841E+00
 75     0.154  370    2.02E+05  1.4841E+00
 76    -0.726  366    2.42E+05  1.4841E+00
 77    -1.668  358    2.91E+05  1.4841E+00
