  1    4.815    1    1.20E+00   1.5478E+00  
  2    4.836    1    1.44E+00   1.5476E+00  
  3    4.876    1    1.73E+00   1.5475E+00  
  4    4.936    1    2.07E+00   1.5473E+00  
  5    5.016    1    2.49E+00   1.5471E+00  
  6    5.112    1    2.99E+00   1.5468E+00  
  7    5.215    1    3.58E+00   1.5465E+00  
  8    5.319    1    4.30E+00   1.5461E+00  
  9    5.423    1    5.16E+00   1.5456E+00  
 10    5.528    1    6.19E+00   1.5451E+00  
 11    5.636    1    7.43E+00   1.5444E+00  
 12    5.753    1    8.92E+00   1.5435E+00  
 13    5.881    1    1.07E+01   1.5425E+00  
 14    6.019    1    1.28E+01   1.5413E+00  
 15    6.158    1    1.54E+01   1.5398E+00  
 16    6.289    1    1.85E+01   1.5380E+00  
 17    6.405    1    2.22E+01   1.5359E+00  
 18    6.505    1    2.66E+01   1.5335E+00  
 19    6.588    1    3.19E+01   1.5306E+00  
 20    6.657    1    3.83E+01   1.5274E+00  
 21    6.713    1    4.60E+01   1.5237E+00  
 22    6.808    2    5.52E+01   1.5193E+00  
 23    6.869    2    6.62E+01   1.5143E+00  
 24    6.892    2    7.95E+01   1.5088E+00  
 25    6.913    3    9.54E+01   1.5030E+00  
 26    6.877    3    1.14E+02   1.4967E+00  
 27    6.835    5    1.37E+02   1.4923E+00  
 28    6.797    5    1.65E+02   1.4870E+00  
 29    6.819    6    1.98E+02   1.4828E+00  
 30    6.889    6    2.37E+02   1.4805E+00  
 31    6.992    8    2.85E+02   1.4818E+00  
 32    7.063    8    3.42E+02   1.4842E+00  
 33    7.065   16    4.10E+02   1.4902E+00  
 34    7.095   31    4.92E+02   1.4957E+00  
 35    7.290   45    5.91E+02   1.4995E+00  
 36    7.577   51    7.09E+02   1.5032E+00  
 37    7.777   52    8.51E+02   1.5068E+00  
 38    7.879   55    1.02E+03   1.5116E+00  
 39    7.937   59    1.22E+03   1.5187E+00  
 40    8.018   69    1.47E+03   1.5257E+00  
 41    8.071   78    1.47E+03   1.5287E+00  
 42    8.104   74    1.76E+03   1.5282E+00  
 43    8.061   80    1.76E+03   1.5241E+00  
 44    7.991   80    2.12E+03   1.5204E+00  
 45    7.934   90    2.12E+03   1.5185E+00  
 46    7.926   95    2.12E+03   1.5175E+00  
 47    7.908   94    2.12E+03   1.5163E+00  
 48    7.877   92    2.12E+03   1.5162E+00  
 49    7.843   92    2.12E+03   1.5160E+00  
 50    7.797   91    2.12E+03   1.5155E+00  
 51    7.759   90    2.12E+03   1.5149E+00  
 52    7.711   89    2.12E+03   1.5143E+00  
 53    7.662   88    2.12E+03   1.5138E+00  
 54    7.632   91    2.12E+03   1.5131E+00  
 55    7.586   88    2.12E+03   1.5127E+00  
 56    7.530   88    2.12E+03   1.5120E+00  
 57    7.476  108    2.12E+03   1.5114E+00  
 58    7.476   83    2.12E+02   1.5114E+00  
 59    7.476   13    2.12E+01   1.5114E+00  
 60    7.448    3    2.54E+01   1.5114E+00  
 61    7.440    3    3.05E+01   1.5114E+00  
 62    7.438    3    3.66E+01   1.5114E+00  
 63    7.439    3    4.39E+01   1.5114E+00  
 64    7.439    4    5.27E+01   1.5114E+00  
 65    7.439    4    6.32E+01   1.5114E+00  
 66    7.437    5    7.58E+01   1.5113E+00  
 67    7.433    6    9.10E+01   1.5113E+00  
 68    7.429    6    1.09E+02   1.5113E+00  
 69    7.422    7    1.31E+02   1.5112E+00  
 70    7.414    8    1.57E+02   1.5111E+00  
 71    7.403    9    1.89E+02   1.5110E+00  
 72    7.389   11    2.26E+02   1.5110E+00  
 73    7.374   13    2.72E+02   1.5109E+00  
 74    7.362   15    3.26E+02   1.5108E+00  
 75    7.346   18    3.91E+02   1.5106E+00  
 76    7.329   20    4.70E+02   1.5105E+00  
 77    7.304   24    5.63E+02   1.5104E+00  
 78    7.280   27    6.76E+02   1.5102E+00  
 79    7.249   31    8.11E+02   1.5100E+00  
 80    7.211   38    9.74E+02   1.5098E+00  
 81    7.160   45    1.17E+03   1.5096E+00  
 82    7.099   54    1.40E+03   1.5093E+00  
 83    7.028   62    1.68E+03   1.5091E+00  
 84    6.953   72    2.02E+03   1.5089E+00  
 85    6.854   84    2.42E+03   1.5086E+00  
 86    6.740   95    2.91E+03   1.5084E+00  
 87    6.607  108    3.49E+03   1.5081E+00  
 88    6.456  122    4.19E+03   1.5078E+00  
 89    6.303  139    5.02E+03   1.5077E+00  
 90    6.141  168    6.03E+03   1.5075E+00  
 91    5.973  191    7.23E+03   1.5073E+00  
 92    5.809  215    8.68E+03   1.5072E+00  
 93    5.638  231    1.04E+04   1.5071E+00  
 94    5.452  273    1.25E+04   1.5070E+00  
 95    5.242  264    1.50E+04   1.5069E+00  
 96    5.016  271    1.80E+04   1.5069E+00  
 97    4.730  283    2.16E+04   1.5069E+00  
 98    4.423  297    2.59E+04   1.5069E+00  
 99    4.081  309    3.11E+04   1.5068E+00  
100    3.935  312    3.11E+04   1.5068E+00  
101    3.596  300    3.73E+04   1.5068E+00  
102    3.596  313    3.73E+03   1.5068E+00  
103    3.618  146    3.73E+03   1.5068E+00  
104    3.618  146    3.73E+02   1.5068E+00  
105    3.753   19    4.48E+02   1.5068E+00  
106    4.122   20    4.48E+02   1.5068E+00  
107    4.122   13    4.48E+01   1.5068E+00  
108    4.164    2    5.38E+01   1.5068E+00  
109    4.210    2    6.45E+01   1.5068E+00  
110    4.259    2    7.74E+01   1.5068E+00  
111    4.305    3    9.29E+01   1.5068E+00  
112    4.337    3    1.11E+02   1.5068E+00  
113    4.331    3    1.34E+02   1.5068E+00  
114    4.264    3    1.61E+02   1.5068E+00  
115    4.125    4    1.93E+02   1.5068E+00  
116    3.924    6    2.31E+02   1.5068E+00  
117    3.689   10    2.77E+02   1.5068E+00  
118    3.494   17    3.33E+02   1.5068E+00  
119    3.405   25    3.99E+02   1.5068E+00  
120    3.378   33    4.79E+02   1.5068E+00  
121    3.358   39    5.75E+02   1.5068E+00  
122    3.353   46    6.90E+02   1.5068E+00  
123    3.331   53    8.28E+02   1.5068E+00  
124    3.262   60    9.94E+02   1.5068E+00  
125    3.204   69    1.19E+03   1.5068E+00  
126    3.212   79    1.43E+03   1.5068E+00  
127    3.283   89    1.72E+03   1.5068E+00  
128    3.348   93    2.06E+03   1.5068E+00  
129    3.376   93    2.47E+03   1.5068E+00  
130    3.355   94    2.97E+03   1.5068E+00  
131    3.277   97    3.56E+03   1.5068E+00  
132    3.143  113    4.27E+03   1.5068E+00  
133    2.966  134    5.13E+03   1.5068E+00  
134    2.764  158    6.15E+03   1.5068E+00  
135    2.557  183    7.38E+03   1.5068E+00  
136    2.364  205    8.86E+03   1.5068E+00  
137    2.202  223    1.06E+04   1.5068E+00  
138    2.027  236    1.28E+04   1.5068E+00  
139    1.819  251    1.53E+04   1.5068E+00  
140    1.566  270    1.84E+04   1.5068E+00  
141    1.272  281    2.20E+04   1.5068E+00  
142    0.937  286    2.65E+04   1.5068E+00  
143    0.552  293    3.18E+04   1.5068E+00  
144    0.120  300    3.81E+04   1.5068E+00  
145   -0.354  311    4.57E+04   1.5068E+00  
146   -0.876  318    5.49E+04   1.5068E+00  
147   -1.437  330    6.58E+04   1.5068E+00  
