0 74744.6
0.00257983 76970.6
0.00397381 78202
0.00520537 79275.1
0.00785634 81746.6
0.0105089 84486.3
0.0131182 87509.3
0.015631 90680.7
0.0179891 93699.9
0.0201438 96197.4
0.0220518 97890.6
0.0220951 97925.8
0.0239024 98876.5
0.0256208 99379
0.0272989 99918.3
0.0289661 100306
0.0306448 97902
0.0322379 89500.1
0.0323549 88791.5
0.0341131 76984.7
0.0359382 71104.5
0.0378474 70391.6
0.0398519 71622.1
0.0419628 73252.7
0.0433877 74223.7
0.0441793 74762.5
0.0464932 76076
0.0489061 77336.3
0.0514075 78639.4
0.0539874 80082.6
0.0553813 80963.2
0.0566129 81722.6
0.0592639 83624.9
0.0619164 85928.7
0.0645257 88856.8
0.0670385 92546.9
0.0693966 95086.1
0.0715513 89205.1
0.0734594 73033.9
0.0735027 72682.6
0.07531 65958.1
0.0770283 67543.8
0.0787064 68832.7
0.0803736 68863.8
0.0820524 68717.1
0.0836455 68672.8
0.0837625 68672.5
0.0855207 68691.2
0.0873457 68733.4
0.0892549 68838.7
0.0912594 69062.6
0.0933703 69459.9
0.0947953 69868.7
0.0955868 70097.1
0.0979007 71015.5
0.100314 72199.3
0.102815 73681.5
0.105395 75528.5
0.106789 76729.5
0.10802 77741.9
0.110671 80330.4
0.113324 83390.7
0.115933 86921.8
0.118446 91015.2
0.120804 95987.6
0.122959 100981
0.124867 100363
0.12491 100249
0.126718 84472.9
0.128436 67148.6
0.130114 61682.2
0.131781 62849.6
0.13346 63853.4
0.135053 64368.8
0.13517 64398.9
0.136928 64893.4
0.138753 65449.7
0.140662 66055.6
0.142667 66714
0.144778 67451.5
0.146203 68018.2
0.146994 68332
0.149308 69415.3
0.151721 70722.8
0.154223 72310.3
0.156802 74261.2
0.158196 75535.8
0.159428 76622.5
0.162079 79438.2
0.164731 82767.4
0.167341 86549.7
0.169854 90578.2
0.172212 94505.7
0.174366 97932.4
0.176274 100551
0.176318 100607
0.178125 102498
0.179843 103689
0.181521 104324
0.183189 104926
0.184867 106233
0.186461 107586
0.186578 107618
0.188336 103449
0.190161 91919.2
0.19207 78615.8
0.194074 69980.5
0.196185 67131.8
0.19761 67539.1
0.198402 67803.7
0.200716 69543.6
0.203129 71424.9
0.20563 73375.1
0.20821 75452.3
0.209604 76685.7
0.210836 77747.3
0.213486 80355.3
0.216139 83362.7
0.218748 86752.8
0.221261 90353.8
0.223619 93832.3
0.225774 96797.1
0.227682 98966.6
0.227725 99012.7
0.229533 100490
0.231251 101354
0.232929 101673
0.234596 101656
0.236275 101790
0.237868 102300
0.237985 102332
0.239743 101126
0.241568 94811.5
0.243478 84401.6
0.245482 75371.2
0.247593 71127.7
0.249018 71040.1
0.249809 70992.2
0.252123 72520.8
0.254536 74361.1
0.257038 76241.8
0.259617 78147.6
0.261011 79224
0.262243 80159.5
0.264894 82394
0.267547 84949.8
0.270156 87825
0.272669 90854.3
0.275027 93690
0.277181 95921.3
0.279089 97414.7
0.279133 97448.4
0.28094 98879.7
0.282658 100078
0.284337 97787.8
0.286004 87373.5
0.287683 73750.7
0.289276 68311.5
0.289393 68106.6
0.291151 69304
0.292976 71012.9
0.294885 72396.2
0.29689 73524.7
0.299 74507.3
0.300425 75085.6
0.301217 75402.2
0.303531 76282.8
0.305944 77226.1
0.308445 78285.7
0.311025 79537.3
0.312419 80345.8
0.313651 81046.1
0.316302 83031.8
0.318954 85753.3
0.321563 89484.3
0.324076 93316.3
0.326434 91532.9
0.328589 77040.2
0.330497 64290.6
0.33054 64081.5
0.332348 64348.1
0.334066 65458
0.335744 65448
0.337411 65327.9
0.33909 65370.2
0.340683 65477.9
0.3408 65489.3
0.342558 65721.5
0.344383 66055.4
0.346293 66506
0.348297 67084.6
0.350408 67804.3
0.351833 68377
0.352625 68697.5
0.354938 69796.5
0.357351 71104
0.359853 72676.9
0.362433 74603.3
0.363827 75863.1
0.365058 76937
0.367709 79730.4
0.370362 83049
0.372971 86838.5
0.375484 90856.4
0.377842 94685.8
0.379996 98079.8
0.381905 101441
0.381948 101525
0.383755 105450
0.385474 106084
0.387152 96971.8
0.388819 78736
0.390498 64885.7
0.392091 61714.6
0.392208 61756.1
0.393966 63170.6
0.395791 64290.4
0.3977 65361
0.399705 66448.3
0.401816 67514.9
0.40324 68190.4
0.404032 68559.4
0.406346 69693.9
0.408759 71017.3
0.41126 72596.1
0.41384 74515.4
0.415234 75760
0.416466 76822.6
0.419117 79563.8
0.421769 82805.8
0.424378 86495.7
0.426891 90427.8
0.429249 94251.1
0.431404 97561.9
0.433312 100055
0.433355 100109
0.435163 101897
0.436881 103066
0.438559 103665
0.440226 103801
0.441905 103871
0.443498 104467
0.443615 104525
0.445373 105165
0.447198 102293
0.449108 93670.1
0.451112 82233.1
0.453223 73346.5
0.454648 71235.1
0.45544 70070.3
0.457753 70537.2
0.460166 72163
0.462668 74214.4
0.465248 76410.8
0.466642 77643.2
0.467873 78713.2
0.470524 81228.2
0.473177 84053.6
0.475786 87194.8
0.478299 90505
0.480657 93671.2
0.482812 96320.3
0.48472 98186.4
0.484763 98225.7
0.48657 99376.5
0.488289 99903
0.489967 100040
0.491634 100242
0.493313 100531
0.494906 99073.4
0.495023 98888.7
0.496781 91110.9
0.498606 80478.7
0.500515 73328.8
0.50252 71144.4
0.504631 71800.4
0.506056 72846.7
0.506847 73431.1
0.509161 75094.7
0.511574 76657.1
0.514075 78184.4
0.516655 79786.3
0.518049 80734.3
0.519281 81554.3
0.521932 83548.5
0.524584 85838.9
0.527194 88454
0.529706 91518.3
0.532064 95104.6
0.534219 97008.5
0.536127 89740.5
0.53617 89520.5
0.537978 72877.3
0.539696 66184.5
0.541374 67866.7
0.543041 69487.2
0.54472 69866.7
0.546313 69881
0.54643 69880.6
0.548188 69902.2
0.550014 69943.1
0.551923 69987.6
0.553927 70071.6
0.556038 70267.4
0.557463 70531.4
0.558255 70676.7
0.560569 71376.4
0.562981 72383.7
0.565483 73739.5
0.568063 75493
0.569457 76639
0.570688 77609.7
0.573339 80152.3
0.575992 83255.4
0.578601 87055.6
0.581114 91804.3
0.583472 96937.7
0.585627 98067.9
0.587535 87254.8
0.587578 86935.3
0.589385 68813.3
0.591104 61588.6
0.592782 62378.1
0.594449 63471.9
0.596128 63968.3
0.597721 64359.8
0.597838 64387
0.599596 64834.8
0.601421 65335.2
0.60333 65891.6
0.605335 66519.6
0.607446 67250.6
0.608871 67823.3
0.609662 68141.3
0.611976 69240.8
0.614389 70565.5
0.61689 72171
0.61947 74141.5
0.620864 75426.9
0.622096 76523.1
0.624747 79359
0.627399 82707.3
0.630009 86506.3
0.632521 90549.4
0.63488 94489.3
0.637034 97923
0.638942 100541
0.638986 100597
0.640793 102506
0.642511 103752
0.644189 104386
0.645856 104676
0.647535 105303
0.649128 106628
0.649245 106720
0.651004 106213
0.652829 99558.1
0.654738 87545.2
0.656742 76051.8
0.658853 69614.5
0.660278 68843.4
0.66107 68454.6
0.663384 69715.2
0.665796 71536.4
0.668298 73569.2
0.670878 75727.7
0.672272 76973
0.673503 78049.2
0.676154 80636.2
0.678807 83575.8
0.681416 86860.1
0.683929 90330.3
0.686287 93664.3
0.688442 96478.6
0.69035 98501.5
0.690393 98544.4
0.6922 99878.7
0.693919 100610
0.695597 100808
0.697264 100654
0.698943 100568
0.700536 100786
0.700653 100799
0.702411 99629.7
0.704236 94072.5
0.706145 84717.2
0.70815 76369.2
0.710261 72310.2
0.711686 72189.6
0.712477 72114.1
0.714791 73580
0.717204 75388.4
0.719705 77238.7
0.722285 79101.6
0.723679 80141.9
0.724911 81048.5
0.727562 83189.5
0.730214 85612.1
0.732824 88292.3
0.735336 91043.9
0.737695 93654.3
0.739849 96258.3
0.741757 98779.9
0.741801 98827.5
0.743608 97162.1
0.745326 85639.5
0.747004 71519.5
0.748672 67439.2
0.75035 69309.8
0.751943 70984.2
0.75206 71088.7
0.753819 71930.7
0.755644 72475.4
0.757553 72925.9
0.759557 73317.7
0.761668 73646.4
0.763093 73837.7
0.763885 73945.1
0.766199 74328.2
0.768612 74915
0.771113 75840.6
0.773693 77233.4
0.775087 78289.8
0.776318 79226.7
0.778969 82097.8
0.781622 85764.2
0.784231 89760.5
0.786744 90963.8
0.789102 82655.7
0.791257 67335.5
0.793165 60910.5
0.793208 60856.8
0.795015 62023.9
0.796734 62937.1
0.798412 63264.2
0.800079 63537.3
0.801758 63872.3
0.803351 64207.9
0.803468 64235.2
0.805226 64657.5
0.807051 65125.1
0.80896 65657.1
0.810965 66278.1
0.813076 67019.4
0.814501 67602.6
0.815292 67927.6
0.817606 69045.7
0.820019 70389.8
0.822521 72020.7
0.8251 74025.6
0.826494 75333.5
0.827726 76448.2
0.830377 79328
0.833029 82721.5
0.835639 86567.4
0.838152 90662.6
0.84051 94665.7
0.842664 98180.8
0.844572 100886
0.844616 100944
0.846423 102866
0.848141 104057
0.849819 104853
0.851487 106015
0.853165 107937
0.854758 108480
0.854875 108373
0.856634 100079
0.858459 85837.2
0.860368 73584.3
0.862372 67579.9
0.864483 66479.9
0.865908 67252.6
0.8667 67715.7
0.869014 69500.5
0.871427 71325.1
0.873928 73210.8
0.876508 75254.5
0.877902 76488
0.879133 77548.1
0.881784 80172.2
0.884437 83205.4
0.887046 86624.5
0.889559 90253.2
0.891917 93756.4
0.894072 96741.6
0.89598 98924.6
0.896023 98970.9
0.897831 100461
0.899549 101358
0.901227 101727
0.902894 101651
0.904573 101396
0.906166 101436
0.906283 101450
0.908041 101652
0.909866 99569.9
0.911775 92908.5
0.91378 83343.7
0.915891 75438.8
0.917316 73399.9
0.918107 72241.2
0.920421 72570
0.922834 74139.8
0.925336 76122.5
0.927915 78203.6
0.929309 79341.3
0.930541 80334.9
0.933192 82623
0.935844 85173.1
0.938454 87995.3
0.940967 90938.3
0.943325 93662.8
0.945479 95784.7
0.947387 97258.8
0.947431 97292.7
0.949238 98806.6
0.950956 99629.2
0.952634 95575.6
0.954302 83299.1
0.95598 71220.9
0.957574 68243.6
0.957691 68186.1
0.959449 69989.2
0.961274 71730.6
0.963183 73045.8
0.965187 74093.9
0.967298 74991.4
0.968723 75509.3
0.969515 75793.3
0.971829 76590
0.974242 77472.7
0.976743 78510.6
0.979323 79826.7
0.980717 80800.8
0.981949 81657.6
0.984599 84355.2
0.987252 87724.8
0.989861 90193.9
0.992374 86021.1
0.994732 71783.2
0.996887 62440
0.998795 62684
0.998838 62713.7
1.00065 63347.1
1.00236 63346.4
1.00404 63427.9
1.00571 63646.3
1.00739 63916.6
1.00898 64217.9
1.0091 64243.8
1.01086 64674.4
1.01268 65170.1
1.01459 65739.3
1.01659 66395.1
1.01871 67160
1.02013 67749.1
1.02092 68077.5
1.02324 69191
1.02565 70521.8
1.02815 72136.6
1.03073 74127.1
1.03212 75430.6
1.03336 76540.9
1.03601 79421.4
1.03866 82827.7
1.04127 86703.4
1.04378 90850.6
1.04614 94909.8
1.04829 98400.8
1.0502 100921
1.05025 100975
1.05205 103023
1.05377 105461
1.05545 108130
1.05712 107561
1.0588 97411.6
1.06039 79720
1.06051 78458.1
1.06226 66739.7
1.06409 63758.9
1.066 64150.5
1.068 65385.9
1.07011 66868.5
1.07154 67812.6
1.07233 68334.1
1.07464 69727.6
1.07706 71192
1.07956 72835.5
1.08214 74769.9
1.08353 76003.3
1.08476 77057.9
1.08741 79748.4
1.09007 82912.6
1.09268 86508.8
1.09519 90339.9
1.09755 94058.2
1.0997 97262.1
1.10161 99652.4
1.10165 99703.3
1.10346 101392
1.10518 102477
1.10686 103023
1.10852 103098
1.1102 102932
1.1118 103045
1.11191 103068
1.11367 103714
1.1155 102645
1.11741 96939.3
1.11941 87013
1.12152 77181.8
1.12295 73888.1
1.12374 72036.1
1.12605 71475.8
1.12846 72745.8
