0	0.22882	1.2401	0.6649	        100.00
5	0.22885	1.2999	0.7231		100.01
10	0.22891	1.3638	0.7723		100.04
12.5	0.22843	1.3965	0.7929		99.83
15	0.22693	1.4284	0.8104		99.17
16	0.22576	1.4405	0.816		98.66
17	0.22407	1.452	0.8203		97.92
17.5	0.22283	1.4572	0.8215		97.38
18	0.22107	1.462	0.8213		96.61
18.1	0.22059	1.4628	0.821		96.40
18.2	0.22002	1.4634	0.8204		96.15
18.25	0.21968	1.4637	0.82		96.01
18.29	0.21937	1.4639	0.8195		95.87
18.3	0.21929	1.4639	0.8194		95.84
18.4	0.21833	1.4641	0.8179		95.42
18.5	0.21669	1.4635	0.8147		94.70